Datum	Uhrzeit	Windgeschw	Temperatur	Gefühlte_Temperatur	Lichtstärke	relative_Feuchte	Windrichtung	Strahlung	Niederschlag_heute	Luftdruck	Sonne_Elevation_Sonne	Azimut	Hochrechnung_Regen/Stunde	Taupunkt	Lichtstärke_Nord	Lichtstärke_Ost	Lichtstärke_Süd	Lichtstärke_West	Richtung_mittlere_Lichtstärke	Relativer_Luftdruck	Regenart
01.09.2025	00:00:00	1,0	19,5	19,5	0	80,7	167	0	0,1	1005	-26	335	0,0	16,1	0	0	0	1	0	1007	0
01.09.2025	00:30:00	3,4	19,5	19,9	0	79,9	152	0	0,1	1005	-27	343	0,0	16,0	0	1	0	0	0	1007	0
01.09.2025	01:00:00	1,0	19,4	19,4	0	79,8	201	0	0,1	1005	-28	352	0,0	15,8	0	0	0	0	0	1007	0
01.09.2025	01:30:00	1,5	19,3	20,0	0	79,8	180	0	0,1	1004	-29	0	0,0	15,8	0	0	0	0	0	1007	0
01.09.2025	02:00:00	1,1	19,0	19,0	0	80,8	171	0	0,1	1004	-28	9	0,0	15,6	0	1	0	0	0	1007	0
01.09.2025	02:30:00	0,8	19,3	19,3	1	77,8	175	0	0,0	1004	-28	17	0,0	15,4	0	0	0	0	0	1006	0
01.09.2025	03:00:00	1,7	19,1	19,8	0	79,5	101	0	0,0	1004	-26	25	0,0	15,5	0	0	1	0	0	1006	0
01.09.2025	03:30:00	1,4	19,0	19,0	0	79,7	114	0	0,0	1003	-24	33	0,0	15,4	1	0	0	0	0	1006	0
01.09.2025	04:00:00	0,8	19,1	19,1	1	78,7	119	0	0,0	1003	-21	40	0,0	15,4	1	0	0	0	0	1006	0
01.09.2025	04:30:00	1,0	19,1	19,1	0	78,7	123	0	0,0	1003	-18	48	0,0	15,3	0	0	0	0	0	1005	0
01.09.2025	05:00:00	0,1	18,9	18,9	0	80,0	204	0	0,0	1003	-15	54	0,0	15,3	0	0	0	0	0	1005	0
01.09.2025	05:30:00	1,0	18,7	18,7	1	81,4	179	0	0,1	1003	-11	61	0,0	15,5	0	0	1	1	0	1005	51
01.09.2025	06:00:00	0,8	17,9	17,9	0	86,6	230	0	0,4	1003	-7	67	0,0	15,7	0	0	0	0	0	1005	0
01.09.2025	06:30:00	1,6	17,8	18,3	19	89,2	184	0	0,9	1003	-3	73	0,8	16,0	16	16	17	19	0	1005	61
01.09.2025	07:00:00	0,7	17,4	17,4	270	91,7	159	3	1,4	1002	2	79	3,5	16,1	265	269	267	254	0	1005	62
01.09.2025	07:30:00	1,0	17,4	17,4	696	92,4	168	9	1,5	1002	6	85	0,3	16,2	660	695	694	638	0	1005	61
01.09.2025	08:00:00	1,0	17,3	17,3	1009	92,7	298	15	1,6	1002	11	91	0,1	16,1	984	948	1007	1000	0	1005	51
01.09.2025	08:30:00	2,4	17,2	17,6	965	93,9	290	15	1,7	1002	15	98	0,0	16,3	974	955	899	878	0	1005	51
01.09.2025	09:00:00	2,4	17,3	17,7	804	93,5	279	8	1,7	1003	20	104	0,0	16,3	796	801	803	781	0	1005	51
01.09.2025	09:30:00	1,7	16,9	17,2	2188	94,9	268	28	3,6	1003	24	110	2,8	16,1	2169	2125	2189	2102	0	1005	62
01.09.2025	10:00:00	2,0	16,0	16,2	2335	94,8	244	31	4,7	1003	28	117	0,4	15,2	2259	2316	2297	2113	0	1005	61
01.09.2025	10:30:00	2,1	16,0	16,2	3653	94,7	289	49	5,5	1004	32	124	3,7	15,2	3248	3481	3640	3286	0	1006	62
01.09.2025	11:00:00	1,1	16,0	16,0	9307	93,8	278	143	5,9	1003	36	132	0,1	15,1	8787	9269	9265	8514	121	1006	61
01.09.2025	11:30:00	0,8	16,5	16,5	13205	92,1	342	197	6,0	1004	39	141	0,0	15,3	12401	13204	12241	11202	85	1006	0
01.09.2025	12:00:00	0,8	17,0	17,0	11607	90,1	205	177	6,0	1004	41	150	0,0	15,5	10325	10720	11566	10840	186	1006	51
01.09.2025	12:30:00	2,4	17,3	17,7	14803	89,9	220	225	6,1	1004	43	160	0,0	15,7	14069	14834	14207	13188	98	1007	51
01.09.2025	13:00:00	0,9	18,1	18,1	25035	88,4	143	353	6,1	1005	45	170	0,0	16,0	22003	24230	25005	21480	138	1007	0
01.09.2025	13:30:00	3,6	17,9	17,7	35603	86,5	223	415	6,1	1005	45	181	0,0	15,6	23937	30279	35995	28458	174	1007	0
01.09.2025	14:00:00	3,7	18,4	18,3	11484	83,7	196	182	6,1	1005	45	191	0,0	15,9	11454	10283	10184	11130	325	1007	0
01.09.2025	14:30:00	2,0	18,5	19,1	15399	84,9	221	238	6,1	1005	44	201	0,0	15,9	15467	14844	14424	14452	17	1007	0
01.09.2025	15:00:00	1,2	20,0	20,0	19951	77,7	233	288	6,1	1005	42	211	0,0	16,1	17654	17679	19885	18972	208	1007	0
01.09.2025	15:30:00	1,3	20,6	20,6	19320	75,5	220	272	6,1	1005	39	220	0,0	16,1	16015	16359	19447	18148	209	1007	0
01.09.2025	16:00:00	1,5	20,7	21,6	12333	76,1	238	128	6,1	1005	36	228	0,0	15,8	8203	7640	11602	12293	234	1007	0
01.09.2025	16:30:00	2,2	21,3	22,4	16339	70,4	226	221	6,1	1005	32	236	0,0	15,7	8025	8089	15815	16339	226	1007	0
01.09.2025	17:00:00	3,1	21,2	22,0	37244	70,7	227	385	6,1	1005	28	243	0,0	15,6	15859	14515	26637	35073	243	1007	0
01.09.2025	17:30:00	1,7	21,1	22,1	56511	71,2	247	415	6,1	1005	24	250	0,0	15,7	9885	11851	34229	56511	242	1007	0
01.09.2025	18:00:00	2,5	21,8	22,7	21409	68,3	185	301	6,1	1005	20	257	0,0	16,1	7112	7069	21386	10448	194	1007	0
01.09.2025	18:30:00	0,6	21,9	21,9	15081	70,7	31	251	6,1	1005	15	263	0,0	16,4	7142	6683	15111	9402	199	1007	0
01.09.2025	19:00:00	1,5	20,8	21,8	4737	76,4	81	77	6,1	1005	11	269	0,0	16,5	4665	2908	4045	4740	0	1007	0
01.09.2025	19:30:00	1,0	20,4	20,4	4353	78,0	97	70	6,1	1005	8	273	0,0	16,6	4669	2665	2740	4676	0	1007	0
01.09.2025	20:00:00	1,0	20,4	20,4	4353	78,0	97	20	6,1	1005	8	273	0,0	16,6	4669	2665	2740	4676	0	1007	0
01.09.2025	20:30:00	1,0	20,4	20,4	4353	78,0	97	0	6,1	1005	8	273	0,0	16,6	4669	2665	2740	4676	0	1007	0
01.09.2025	21:00:00	1,0	20,4	20,4	4353	78,0	97	0	6,1	1005	8	273	0,0	16,6	4669	2665	2740	4676	0	1007	0
01.09.2025	21:30:00	1,0	20,4	20,4	4353	78,0	97	0	6,1	1005	8	273	0,0	16,6	4669	2665	2740	4676	0	1007	0
01.09.2025	22:00:00	1,0	20,4	20,4	4353	78,0	97	0	6,1	1005	8	273	0,0	16,6	4669	2665	2740	4676	0	1007	0
01.09.2025	22:30:00	0,7	17,8	17,8	0	87,8	151	0	6,1	1005	8	273	0,0	15,7	0	0	2740	0	0	1008	0
01.09.2025	23:00:00	0,7	17,8	17,8	0	87,8	151	0	6,1	1005	8	273	0,0	15,7	0	0	2740	0	0	1008	0
01.09.2025	23:30:00	0,7	17,8	17,8	0	87,8	151	0	6,1	1005	8	273	0,0	15,7	0	0	2740	0	0	1008	0
02.09.2025	00:00:00	0,7	17,8	17,8	0	87,8	151	0	6,1	1005	8	273	0,0	15,7	0	0	2740	0	0	1008	0
02.09.2025	00:30:00	0,7	17,8	17,8	0	87,8	151	0	6,1	1005	8	273	0,0	15,7	0	0	2740	0	0	1008	0
02.09.2025	01:00:00	0,7	17,8	17,8	0	87,8	151	0	6,1	1005	8	273	0,0	15,7	0	0	2740	0	0	1008	0
02.09.2025	01:30:00	1,5	16,1	16,3	0	87,8	170	0	6,1	1005	8	356	0,0	15,7	0	0	2740	0	0	1008	0
02.09.2025	02:00:00	1,5	16,1	16,3	0	87,8	170	0	6,1	1005	8	356	0,0	15,7	0	0	2740	0	0	1007	0
02.09.2025	02:30:00	1,5	16,1	16,3	0	87,8	170	0	6,1	1005	8	356	0,0	15,7	0	0	2740	0	0	1007	0
02.09.2025	03:00:00	1,5	16,1	16,3	0	87,8	170	0	6,1	1005	8	356	0,0	15,7	0	0	2740	0	0	1007	0
02.09.2025	03:30:00	1,5	16,1	16,3	0	87,8	170	0	6,1	1005	8	356	0,0	15,7	0	0	2740	0	0	1007	0
02.09.2025	04:00:00	1,5	16,1	16,3	0	87,8	170	0	6,1	1005	8	356	0,0	15,7	0	0	2740	0	0	1007	0
02.09.2025	04:30:00	1,5	16,1	16,3	0	87,8	170	0	6,1	1005	8	356	0,0	15,7	0	0	2740	0	0	1007	0
02.09.2025	05:00:00	1,5	16,1	16,3	0	87,8	170	0	6,1	1005	8	356	0,0	15,7	0	0	2740	0	0	1007	0
02.09.2025	05:30:00	1,5	16,1	16,3	0	87,8	170	0	6,1	1005	8	356	0,0	15,7	0	0	2740	0	0	1007	0
02.09.2025	06:00:00	1,5	16,1	16,3	1	87,8	170	0	0,0	1005	8	356	0,0	15,7	0	0	0	0	0	1007	0
02.09.2025	06:30:00	1,5	16,1	16,3	1	87,8	170	0	0,0	1005	8	356	0,0	15,7	0	1	0	0	0	1007	0
02.09.2025	07:00:00	1,5	16,1	16,3	1	87,8	170	5	0,0	1005	8	356	0,0	15,7	0	1	0	0	0	1007	0
02.09.2025	07:30:00	1,5	16,1	16,3	1	87,8	170	36	0,0	1005	8	356	0,0	15,7	0	1	0	0	0	1007	0
02.09.2025	08:00:00	1,5	16,1	16,3	1	87,8	170	77	0,0	1005	8	356	0,0	15,7	0	1	0	0	0	1007	0
02.09.2025	08:30:00	1,5	16,1	16,3	1	87,8	170	229	0,0	1005	8	356	0,0	15,7	0	1	0	0	0	1007	0
02.09.2025	09:00:00	1,5	16,1	16,3	1	87,8	170	122	0,0	1005	8	356	0,0	15,7	0	1	0	0	0	1007	0
02.09.2025	09:30:00	1,5	16,1	16,3	1	87,8	170	358	0,0	1005	8	356	0,0	15,7	0	1	0	0	0	1007	0
02.09.2025	10:00:00	1,5	16,1	16,3	1	87,8	170	403	0,0	1005	8	356	0,0	15,7	0	1	0	0	0	1007	0
02.09.2025	10:30:00	1,5	16,1	16,3	1	87,8	170	475	0,0	1005	8	356	0,0	15,7	0	1	0	0	0	1007	0
02.09.2025	11:00:00	1,5	16,1	16,3	73515	87,8	170	609	0,0	1005	8	356	0,0	15,7	0	1	0	0	0	1007	0
02.09.2025	11:30:00	2,7	19,3	19,7	73515	67,6	195	263	0,0	1006	8	140	0,0	13,2	0	1	0	0	0	1007	0
02.09.2025	12:00:00	2,7	19,3	19,7	73515	67,6	195	173	0,0	1006	8	140	0,0	13,2	0	1	0	0	0	1007	0
02.09.2025	12:30:00	2,7	19,3	19,7	73515	67,6	195	911	0,0	1006	8	140	0,0	13,2	0	1	0	0	0	1007	0
02.09.2025	13:00:00	2,7	19,3	19,7	73515	67,6	195	474	0,0	1006	8	140	0,0	13,2	0	1	0	0	0	1007	0
02.09.2025	13:30:00	2,7	19,3	19,7	73515	67,6	195	263	0,0	1006	8	140	0,0	13,2	0	1	0	0	0	1007	0
02.09.2025	14:00:00	2,7	19,3	19,7	73515	67,6	195	842	0,0	1006	8	140	0,0	13,2	0	1	0	0	0	1007	0
02.09.2025	14:30:00	2,7	19,3	19,7	73515	67,6	195	719	0,0	1006	8	140	0,0	13,2	0	1	0	0	0	1007	0
02.09.2025	15:00:00	2,7	19,3	19,7	73515	67,6	195	571	0,0	1006	8	140	0,0	13,2	0	1	0	0	0	1007	0
02.09.2025	15:30:00	2,7	19,3	19,7	73515	67,6	195	101	0,0	1006	8	140	0,0	13,2	0	1	0	0	0	1007	0
02.09.2025	16:00:00	2,7	19,3	19,7	73515	67,6	195	593	0,0	1006	8	140	0,0	13,2	0	1	0	0	0	1007	0
02.09.2025	16:30:00	2,7	19,3	19,7	73515	67,6	195	502	0,0	1006	8	140	0,0	13,2	0	1	0	0	0	1007	0
02.09.2025	17:00:00	2,7	19,3	19,7	73515	67,6	195	435	0,0	1006	8	140	0,0	13,2	0	1	0	0	0	1007	0
02.09.2025	17:30:00	2,7	19,3	19,7	73515	67,6	195	356	0,0	1006	8	140	0,0	13,2	0	1	0	0	0	1007	0
02.09.2025	18:00:00	2,7	19,3	19,7	73515	67,6	195	291	0,0	1006	8	140	0,0	13,2	0	1	0	0	0	1007	0
02.09.2025	18:30:00	2,7	19,3	19,7	73515	67,6	195	207	0,0	1006	8	140	0,0	13,2	0	1	0	0	0	1007	0
02.09.2025	19:00:00	2,7	19,3	19,7	73515	67,6	195	132	0,0	1006	8	140	0,0	13,2	0	1	0	0	0	1007	0
02.09.2025	19:30:00	2,7	19,3	19,7	73515	67,6	195	66	0,0	1006	8	140	0,0	13,2	0	1	0	0	0	1007	0
02.09.2025	20:00:00	2,7	19,3	19,7	73515	67,6	195	16	0,0	1006	8	140	0,0	13,2	0	1	0	0	0	1007	0
02.09.2025	20:30:00	1,9	19,4	20,1	76	56,6	211	0	0,0	1005	-3	287	0,0	10,6	61	33	40	76	0	1008	0
02.09.2025	21:00:00	0,8	18,9	18,9	1	58,9	191	0	0,0	1005	-7	293	0,0	10,7	1	0	0	1	0	1008	0
02.09.2025	21:30:00	1,2	18,3	18,9	0	60,4	121	0	0,0	1005	-11	299	0,0	10,7	0	0	0	0	0	1008	0
02.09.2025	22:00:00	1,1	18,3	18,3	0	61,1	140	0	0,0	1005	-12	300	0,0	10,7	0	0	0	0	0	1008	0
02.09.2025	22:30:00	1,1	18,3	18,3	0	64,4	140	0	0,0	1005	-12	300	0,0	10,5	0	0	0	0	0	1008	0
02.09.2025	23:00:00	1,1	18,3	18,3	0	64,4	140	0	0,0	1005	-12	300	0,0	10,5	0	0	0	0	0	1008	0
02.09.2025	23:30:00	1,1	18,3	18,3	0	64,4	140	0	0,0	1005	-12	300	0,0	10,5	0	0	0	0	0	1008	0
03.09.2025	00:00:00	1,1	18,3	18,3	0	64,4	140	0	0,0	1005	-12	300	0,0	10,5	0	0	0	0	0	1008	0
03.09.2025	00:30:00	1,1	18,3	18,3	0	64,4	140	0	0,0	1005	-12	300	0,0	10,5	0	0	0	0	0	1008	0
03.09.2025	01:00:00	1,1	18,3	18,3	0	64,4	140	0	0,0	1005	-12	300	0,0	10,5	0	0	0	0	0	1008	0
03.09.2025	01:30:00	1,1	18,3	18,3	0	64,4	140	0	0,0	1005	-12	300	0,0	10,5	0	0	0	0	0	1008	0
03.09.2025	02:00:00	1,2	15,8	15,8	0	71,1	166	0	0,0	1005	-29	1	0,0	10,6	0	0	0	0	0	1008	0
03.09.2025	02:30:00	1,2	15,8	15,8	0	71,1	166	0	0,0	1005	-29	1	0,0	10,6	0	0	0	0	0	1008	0
03.09.2025	03:00:00	1,2	15,8	15,8	0	71,1	166	0	0,0	1005	-29	1	0,0	10,6	0	0	0	0	0	1008	0
03.09.2025	03:30:00	2,0	16,3	16,5	0	69,1	170	0	0,0	1004	-24	33	0,0	10,6	0	0	0	0	0	1007	0
03.09.2025	04:00:00	2,6	16,2	15,9	0	68,7	138	0	0,0	1004	-22	41	0,0	10,4	0	0	0	0	0	1006	0
03.09.2025	04:30:00	2,2	15,3	15,4	1	70,3	155	0	0,0	1004	-19	47	0,0	10,1	0	1	0	1	0	1006	0
03.09.2025	05:00:00	2,2	15,3	15,4	1	70,3	155	0	0,0	1004	-19	47	0,0	10,1	0	1	0	1	0	1006	0
03.09.2025	05:30:00	2,2	15,3	15,4	1	70,3	155	0	0,0	1004	-19	47	0,0	10,1	0	1	0	1	0	1006	0
03.09.2025	06:00:00	2,2	15,3	15,4	1	70,3	155	0	0,0	1004	-19	47	0,0	10,1	0	1	0	1	0	1006	0
03.09.2025	06:30:00	2,2	15,3	15,4	1	70,3	155	2	0,0	1004	-19	47	0,0	10,1	0	1	0	1	0	1006	0
03.09.2025	07:00:00	2,2	15,3	15,4	1	70,3	155	10	0,0	1004	-19	47	0,0	10,1	0	1	0	1	0	1006	0
03.09.2025	07:30:00	2,2	15,3	15,4	1	70,3	155	20	0,0	1004	-19	47	0,0	10,1	0	1	0	1	0	1006	0
03.09.2025	08:00:00	2,2	15,3	15,4	1	70,3	155	81	0,0	1004	-19	47	0,0	10,1	0	1	0	1	0	1006	0
03.09.2025	08:30:00	2,2	15,3	15,4	1	70,3	155	176	0,0	1004	-19	47	0,0	10,1	0	1	0	1	0	1006	0
03.09.2025	09:00:00	2,2	15,3	15,4	1	70,3	155	250	0,0	1004	19	104	0,0	10,1	0	1	0	1	0	1006	0
03.09.2025	09:30:00	2,2	15,3	15,4	1	70,3	155	265	0,0	1004	19	104	0,0	10,1	0	1	0	1	0	1006	0
03.09.2025	10:00:00	2,2	15,3	15,4	1	70,3	155	164	0,0	1004	19	104	0,0	10,1	0	63099	0	14366	0	1006	0
03.09.2025	10:30:00	2,2	15,3	15,4	1	70,3	155	608	0,0	1004	19	104	0,0	10,1	0	63099	0	14366	0	1006	0
03.09.2025	11:00:00	2,2	15,3	15,4	1	70,3	155	195	0,0	1004	19	104	0,0	10,1	0	63099	0	14366	0	1006	0
03.09.2025	11:30:00	2,2	15,3	15,4	1	70,3	155	317	0,0	1004	19	104	0,0	10,1	0	63099	0	14366	0	1006	0
03.09.2025	12:00:00	2,2	15,3	15,4	1	70,3	155	263	0,0	1004	19	104	0,0	10,1	0	63099	0	14366	0	1006	0
03.09.2025	12:30:00	2,2	15,3	15,4	1	70,3	155	249	0,0	1004	19	104	0,0	10,1	0	63099	0	14366	0	1006	0
03.09.2025	13:00:00	2,2	15,3	15,4	1	70,3	155	291	0,0	1004	44	104	0,0	10,1	0	63099	0	14366	0	1006	0
03.09.2025	13:30:00	2,2	15,3	15,4	1	70,3	155	276	0,0	1004	44	104	0,0	10,1	0	63099	0	14366	0	1006	0
03.09.2025	14:00:00			15,4																	0
03.09.2025	14:30:00			15,4																	89
03.09.2025	15:00:00			15,4																	89
03.09.2025	15:30:00	2,2	15,3	15,4	1	70,3	155	311	0,0	1004	44	104	0,0	10,1	0	63099	0	14366	0	1006	0
03.09.2025	16:00:00	2,2	15,3	15,4	1	70,3	155	215	0,0	1004	44	104	0,0	10,1	0	63099	0	14366	0	1006	0
03.09.2025	16:30:00	2,2	15,3	15,4	1	70,3	155	94	0,0	1004	44	104	0,0	10,1	0	63099	0	14366	0	1006	0
03.09.2025	17:00:00	2,2	15,3	15,4	1	70,3	155	74	0,0	1004	44	104	0,0	10,1	5118	3994	0	14366	0	1006	0
03.09.2025	17:30:00	2,2	15,3	15,4	1	70,3	155	173	0,0	1004	44	104	0,0	10,1	5118	3994	0	14366	0	1006	0
03.09.2025	18:00:00	2,2	15,3	15,4	1	70,3	155	65	0,0	1004	22	251	0,0	10,1	5118	3994	0	14366	0	1006	0
03.09.2025	18:30:00	2,2	15,3	15,4	1	70,3	155	51	0,0	1004	22	251	0,0	10,1	5118	3994	0	14366	0	1006	0
03.09.2025	19:00:00	2,2	15,3	15,4	1	70,3	155	21	0,0	1004	22	251	0,0	10,1	5118	3994	0	14366	0	1006	0
03.09.2025	19:30:00	2,2	15,3	15,4	1	70,3	155	24	0,0	1004	22	251	0,0	10,1	5118	3994	0	14366	0	1006	0
03.09.2025	20:00:00	2,2	15,3	15,4	1	70,3	155	44	0,0	1004	22	251	0,0	10,1	5118	3994	0	14366	0	1006	0
03.09.2025	20:30:00	2,2	15,3	15,4	1	70,3	155	0	0,0	1004	22	251	0,0	10,1	85	3994	0	14366	0	1006	0
03.09.2025	21:00:00	2,2	15,3	15,4	1	70,3	155	0	0,0	1004	22	251	0,0	10,1	85	3994	0	14366	0	1006	0
03.09.2025	21:30:00	2,2	15,3	15,4	1	70,3	155	0	0,0	1004	22	251	0,0	10,1	85	0	0	14366	0	1006	0
03.09.2025	22:00:00	5,1	15,3	14,2	1	66,0	155	0	0,0	1004	22	251	0,0	10,1	85	0	0	14366	0	1006	0
03.09.2025	22:30:00	5,1	15,3	14,2	0	66,0	155	0	0,0	1002	22	251	0,0	10,1	85	0	0	14366	0	1004	61
03.09.2025	23:00:00	5,1	15,3	14,2	0	66,0	155	0	0,0	1002	22	316	0,0	10,1	85	0	0	14366	0	1004	61
03.09.2025	23:30:00	5,1	15,3	14,2	0	66,0	155	0	0,0	1002	22	316	0,0	10,1	85	0	0	14366	0	1004	0
04.09.2025	00:00:00	5,1	15,3	14,2	1	66,0	155	0	0,9	1002	22	316	0,0	10,1	1	0	0	14366	0	1004	0
04.09.2025	00:30:00	5,1	19,1	19,0	1	66,0	155	0	0,9	1002	22	316	0,0	16,3	1	0	0	0	0	1004	0
04.09.2025	01:00:00	5,1	19,0	18,8	1	66,0	155	0	0,9	1002	22	316	0,0	16,3	1	0	0	0	0	1004	0
04.09.2025	01:30:00	5,1	19,0	18,8	1	66,0	185	0	0,9	1002	-30	316	0,0	16,3	1	0	0	0	0	1004	0
04.09.2025	02:00:00	5,1	19,0	18,8	1	66,0	185	0	0,9	1002	-30	316	0,0	16,3	1	0	0	0	0	1004	0
04.09.2025	02:30:00	5,1	19,0	18,8	1	66,0	185	0	0,9	1002	-30	316	0,0	16,3	1	0	0	0	0	1004	0
04.09.2025	03:00:00	5,1	19,0	18,8	1	66,0	185	0	0,9	1002	-30	316	0,0	16,3	1	0	0	0	0	1004	0
04.09.2025	03:30:00	5,1	19,0	18,8	1	66,0	185	0	0,9	1002	-30	316	0,0	16,3	1	0	0	0	0	1004	0
04.09.2025	04:00:00	5,1	19,0	18,8	1	66,0	185	0	0,9	1002	-30	316	0,0	16,3	1	0	0	0	0	1004	0
04.09.2025	04:30:00	5,1	19,0	18,8	1	66,0	185	0	0,9	1002	-30	316	0,0	16,3	1	0	0	0	0	1004	0
04.09.2025	05:00:00	5,1	19,0	18,8	1	66,0	185	0	0,9	1002	-30	316	0,0	16,3	1	0	0	0	0	1004	0
04.09.2025	05:30:00	5,1	19,0	18,8	1	66,0	185	0	0,9	1002	-30	316	0,0	16,3	1	0	0	0	0	1004	0
04.09.2025	06:00:00	5,1	19,0	18,8	1	66,0	185	0	0,9	1002	-30	316	0,0	16,3	1	0	0	0	0	1004	0
04.09.2025	06:30:00	5,1	19,0	18,8	1	66,0	185	0	0,9	1002	-30	316	0,0	16,3	1	0	0	0	0	1004	0
04.09.2025	07:00:00	5,1	19,0	18,8	1	66,0	185	11	0,9	1002	-30	316	0,0	16,3	1	0	0	0	0	1004	0
04.09.2025	07:30:00	5,1	19,0	18,8	1	66,0	185	78	0,9	1002	-30	316	0,0	16,3	1	0	0	0	0	1004	0
04.09.2025	08:00:00	5,1	19,0	18,8	1	66,0	185	105	0,9	1002	-30	316	0,0	16,3	1	0	0	0	0	1004	0
04.09.2025	08:30:00			18,8																	0
04.09.2025	09:00:00	5,1	19,0	18,8	1	66,0	185	261	0,9	1002	-30	316	0,0	16,3	1	0	0	0	0	1004	0
04.09.2025	09:30:00	5,1	19,0	18,8	1	66,0	185	173	0,9	1002	-30	316	0,0	16,3	1	0	0	0	0	1004	0
04.09.2025	10:00:00	5,1	19,0	18,8	1	66,0	185	253	0,9	1002	-30	316	0,0	16,3	1	0	0	0	0	1004	0
04.09.2025	10:30:00	5,1	19,0	18,8	1	66,0	185	175	0,9	1002	-30	316	0,0	16,3	1	0	0	0	0	1004	0
04.09.2025	11:00:00	5,1	19,0	18,8	1	66,0	185	543	0,9	1002	-30	316	0,0	16,3	1	0	0	0	0	1004	0
04.09.2025	11:30:00	5,1	19,0	18,8	1	66,0	185	583	0,9	1002	-30	316	0,0	16,3	1	0	0	0	0	1004	0
04.09.2025	12:00:00	5,1	19,0	18,8	69552	66,0	185	130	0,9	1002	-30	316	0,0	16,3	16066	62509	0	0	0	1004	0
04.09.2025	12:30:00	5,1	19,0	18,8	69552	66,0	185	420	0,9	1002	-30	316	0,0	16,3	16066	62509	0	0	0	1004	0
04.09.2025	13:00:00	5,1	19,0	18,8	69552	66,0	185	717	0,9	1002	-30	316	0,0	16,3	16066	62509	0	0	0	1004	0
04.09.2025	13:30:00	5,1	19,0	18,8	69552	66,0	185	195	0,9	1002	-30	316	0,0	16,3	16066	62509	0	0	0	1004	0
04.09.2025	14:00:00	5,1	19,0	18,8	69552	66,0	185	493	0,9	1002	-30	316	0,0	16,3	16066	62509	0	0	0	1004	0
04.09.2025	14:30:00	5,1	19,0	18,8	69552	66,0	185	118	0,9	1002	-30	316	0,0	16,3	16066	62509	0	0	0	1004	0
04.09.2025	15:00:00	5,1	19,0	18,8	69552	66,0	185	373	0,9	1002	-30	316	0,0	16,3	16066	62509	0	0	0	1004	0
04.09.2025	15:30:00	5,1	19,0	18,8	69552	66,0	185	248	0,9	1002	-30	316	0,0	16,3	16066	62509	0	0	0	1004	0
04.09.2025	16:00:00	5,1	19,0	18,8	69552	66,0	185	543	0,9	1002	-30	316	0,0	16,3	16066	62509	0	0	0	1004	0
04.09.2025	16:30:00	5,1	19,0	18,8	69552	66,0	185	377	0,9	1002	-30	316	0,0	16,3	16066	62509	0	0	0	1004	0
04.09.2025	17:00:00	5,1	19,0	18,8	69552	66,0	185	179	0,9	1002	-30	316	0,0	16,3	16066	62509	0	0	0	1004	0
04.09.2025	17:30:00	5,1	19,0	18,8	69552	66,0	185	131	0,9	1002	-30	316	0,0	16,3	16066	62509	0	0	0	1004	0
04.09.2025	18:00:00	5,1	22,1	22,7	8163	56,4	185	124	0,9	1008	-30	255	0,0	13,0	16066	62509	0	0	0	1004	0
04.09.2025	18:30:00	0,6	22,0	22,0	6078	57,3	316	84	0,0	1008	17	260	0,0	13,3	6021	5806	6080	6038	0	1010	0
04.09.2025	19:00:00	0,6	22,0	22,0	6078	57,3	316	43	0,0	1008	17	260	0,0	13,3	6021	5806	6080	6038	0	1010	0
04.09.2025	19:30:00	0,6	22,0	22,0	6078	57,3	316	25	0,0	1008	17	260	0,0	13,3	6021	5806	6080	6038	0	1011	0
04.09.2025	20:00:00	0,6	22,0	22,0	6078	57,3	316	3	0,0	1008	17	260	0,0	13,3	6021	5806	6080	6038	0	1011	0
04.09.2025	20:30:00	0,6	22,0	22,0	6078	57,3	316	0	0,0	1008	17	260	0,0	13,3	6021	5806	6080	6038	0	1011	0
04.09.2025	21:00:00	0,6	22,0	22,0	6078	57,3	316	0	0,0	1008	17	260	0,0	13,3	6021	5806	6080	6038	0	1011	0
04.09.2025	21:30:00	0,6	22,0	22,0	6078	57,3	316	0	0,0	1008	17	260	0,0	13,3	6021	5806	6080	6038	0	1011	0
04.09.2025	22:00:00	0,6	22,0	22,0	6078	57,3	316	0	0,0	1008	17	260	0,0	13,3	6021	5806	6080	6038	0	1011	0
04.09.2025	22:30:00	0,6	22,0	22,0	6078	57,3	316	0	0,0	1008	17	260	0,0	13,3	6021	5806	6080	6038	0	1011	0
04.09.2025	23:00:00	0,6	22,0	22,0	6078	57,3	316	0	0,0	1008	17	260	0,0	13,3	6021	5806	6080	6038	0	1011	0
04.09.2025	23:30:00	0,6	22,0	22,0	6078	57,3	316	0	0,0	1008	17	260	0,0	13,3	6021	5806	6080	6038	0	1011	0
05.09.2025	00:00:00	1,3	22,0	22,0	6078	70,1	164	0	0,0	1008	-26	331	0,0	13,3	6021	5806	6080	6038	0	1011	0
05.09.2025	00:30:00	2,7	18,3	18,5	6078	70,1	187	0	0,0	1009	-26	331	0,0	12,9	6021	0	0	6038	0	1011	0
05.09.2025	01:00:00	2,7	18,3	18,5	6078	70,1	187	0	0,0	1009	-26	331	0,0	12,9	6021	0	0	6038	0	1011	0
05.09.2025	01:30:00	2,3	18,1	18,6	1	73,6	221	0	0,0	1009	-30	1	0,0	13,1	1	1	0	0	0	1011	0
05.09.2025	02:00:00	2,8	17,5	17,5	0	79,3	244	0	0,0	1009	-30	9	0,0	13,7	0	0	0	0	0	1011	0
05.09.2025	02:30:00	0,2	17,1	17,1	0	81,7	283	0	0,0	1009	-29	17	0,0	14,0	0	0	0	0	0	1011	0
05.09.2025	03:00:00	1,4	17,2	17,2	0	80,6	158	0	0,0	1009	-27	26	0,0	13,9	0	0	0	0	0	1012	0
05.09.2025	03:30:00	2,6	16,7	16,6	1	83,6	234	0	0,1	1009	-25	33	0,0	14,0	0	0	0	0	0	1012	0
05.09.2025	04:00:00	0,2	16,6	16,6	1	85,0	127	0	0,1	1009	-23	41	0,0	14,1	0	0	0	0	0	1012	0
05.09.2025	04:30:00	2,0	15,6	15,7	0	90,4	208	0	0,1	1010	-19	48	0,0	14,2	0	0	0	0	0	1012	51
05.09.2025	05:00:00	3,7	15,4	14,6	0	92,4	218	0	0,2	1010	-16	55	0,0	14,2	0	0	0	0	0	1012	0
05.09.2025	05:30:00	2,4	15,3	15,4	0	93,4	195	0	0,2	1010	-12	62	0,0	14,2	0	1	0	0	0	1013	0
05.09.2025	06:00:00	2,8	15,2	14,8	0	93,6	208	0	0,2	1010	-8	68	0,0	14,2	1	1	1	1	0	1013	0
05.09.2025	06:30:00	3,7	15,1	14,3	1	93,6	211	0	0,2	1010	-6	70	0,0	14,2	1	0	1	1	0	1013	0
05.09.2025	07:00:00	3,7	15,1	14,3	1	93,6	211	3	0,2	1010	-6	70	0,0	14,2	1	0	1	1	0	1013	0
05.09.2025	07:30:00	3,7	15,1	14,3	1	93,6	211	9	0,2	1010	-6	70	0,0	14,2	1	0	1	1	0	1013	0
05.09.2025	08:00:00	3,7	15,1	14,3	1	93,6	211	84	0,2	1010	-6	70	0,0	14,2	1	0	1	1	0	1013	0
05.09.2025	08:30:00	3,7	15,1	14,3	1	93,6	211	148	0,2	1010	-6	70	0,0	14,2	1	0	1	1	0	1013	0
05.09.2025	09:00:00	3,7	15,1	14,3	1	93,6	211	242	0,2	1010	-6	70	0,0	14,2	1	0	1	1	0	1013	0
05.09.2025	09:30:00	3,7	15,1	14,3	1	93,6	211	330	0,2	1010	-6	70	0,0	14,2	1	0	1	1	0	1013	0
05.09.2025	10:00:00	3,7	15,1	14,3	1	93,6	211	404	0,2	1010	-6	70	0,0	14,2	1	0	1	1	0	1013	0
05.09.2025	10:30:00	3,7	15,1	14,3	1	79,2	211	601	0,2	1010	-6	70	0,0	14,1	1	0	1	1	0	1013	0
05.09.2025	11:00:00	3,7	15,1	14,3	1	79,2	211	247	0,2	1010	-6	133	0,0	14,1	1	0	1	1	0	1013	0
05.09.2025	11:30:00	3,7	15,1	14,3	1	79,2	211	188	0,2	1010	-6	133	0,0	14,1	1	0	1	1	0	1013	0
05.09.2025	12:00:00	3,7	15,1	14,3	1	79,2	211	780	0,2	1010	-6	133	0,0	14,1	1	0	1	1	0	1013	0
05.09.2025	12:30:00	4,4	15,1	14,3	15416	67,7	211	227	0,2	1010	-6	133	0,0	14,1	1	0	1	1	158	1013	0
05.09.2025	13:00:00	4,4	20,6	21,0	93780	60,3	269	618	0,2	1015	43	170	0,0	12,7	17851	54207	93427	40491	169	1017	0
05.09.2025	13:30:00	4,6	20,6	20,8	93780	60,3	269	581	0,2	1015	43	171	0,0	12,7	17851	54207	93427	40491	169	1017	0
05.09.2025	14:00:00	4,6	19,8	19,8	99732	60,0	1	180	0,2	1015	43	191	0,0	12,7	10974	54207	93427	11093	169	1017	0
05.09.2025	14:30:00	0,5	17,0	17,0	6050	60,0	288	273	1,4	1016	43	201	0,0	11,7	10974	8723	14896	11093	244	1018	0
05.09.2025	15:00:00	2,3	17,0	17,3	52618	73,9	326	284	1,5	1016	41	201	0,0	12,7	21146	21187	14896	78683	214	1019	0
05.09.2025	15:30:00	2,3	18,9	19,6	52618	63,7	326	250	1,5	1016	40	201	0,0	11,9	21146	21187	14896	78683	214	1019	0
05.09.2025	16:00:00	2,3	18,9	19,6	52618	63,7	326	144	1,5	1016	40	201	0,0	11,9	21146	21187	14896	78683	214	1019	0
05.09.2025	16:30:00	2,3	18,9	19,6	52618	63,7	326	217	1,5	1016	40	201	0,0	11,9	21146	21187	14896	78683	214	1019	0
05.09.2025	17:00:00	2,3	18,9	19,6	52618	63,7	326	445	1,5	1016	40	201	0,0	11,9	21146	21187	14896	78683	214	1019	0
05.09.2025	17:30:00	2,3	18,9	19,6	52618	63,7	326	350	1,5	1016	40	201	0,0	11,9	21146	21187	14896	78683	214	1019	0
05.09.2025	18:00:00	2,3	18,9	19,6	52618	63,7	326	264	1,5	1016	40	201	0,0	11,9	21146	21187	14896	78683	214	1019	0
05.09.2025	18:30:00	2,3	18,9	19,6	52618	63,7	326	181	1,5	1016	40	201	0,0	11,9	21146	21187	14896	78683	214	1019	0
05.09.2025	19:00:00	1,6	19,8	20,6	5502	61,6	323	66	1,5	1017	13	264	0,0	12,3	3753	3074	4260	5501	0	1020	0
05.09.2025	19:30:00	1,6	19,8	20,6	5502	61,6	323	47	1,5	1017	13	264	0,0	12,3	3753	3074	4260	5501	0	1020	0
05.09.2025	20:00:00	1,6	19,8	20,6	5502	61,6	323	11	1,5	1017	13	264	0,0	12,3	3753	3074	4260	5501	0	1020	0
05.09.2025	20:30:00	1,6	19,8	20,6	5502	61,6	323	0	1,5	1017	13	264	0,0	12,3	3753	3074	4260	5501	0	1020	0
05.09.2025	21:00:00	1,6	19,8	20,6	5502	61,6	323	0	1,5	1017	13	264	0,0	12,3	3753	3074	4260	5501	0	1020	0
05.09.2025	21:30:00	1,6	19,8	20,6	5502	61,6	323	0	1,5	1017	13	264	0,0	12,3	3753	3074	4260	5501	0	1020	0
05.09.2025	22:00:00	1,4	19,8	19,8	5502	61,6	323	0	1,5	1017	13	264	0,0	12,3	3753	3074	4260	5501	0	1020	0
05.09.2025	22:30:00	0,9	19,8	19,8	5502	75,0	298	0	1,5	1019	-17	264	0,0	12,3	3753	0	0	5501	0	1022	0
05.09.2025	23:00:00	1,1	15,7	15,7	5502	75,0	216	0	1,5	1019	-22	319	0,0	12,3	3753	0	0	5501	0	1022	0
05.09.2025	23:30:00	1,1	15,7	15,7	5502	75,0	216	0	1,5	1020	-22	319	0,0	12,3	3753	0	0	5501	0	1022	0
06.09.2025	00:00:00	1,1	15,7	15,7	5502	75,0	216	0	1,5	1020	-22	319	0,0	12,3	3753	0	0	5501	0	1022	0
06.09.2025	00:30:00	1,1	15,7	15,7	5502	75,0	216	0	1,5	1020	-22	319	0,0	12,3	3753	0	0	5501	0	1022	0
06.09.2025	01:00:00	1,1	15,7	15,7	5502	75,0	216	0	1,5	1020	-22	319	0,0	12,3	3753	0	0	5501	0	1022	0
06.09.2025	01:30:00	1,1	15,7	15,7	5502	75,0	216	0	1,5	1020	-22	319	0,0	12,3	3753	0	0	5501	0	1022	0
06.09.2025	02:00:00	1,1	15,7	15,7	5502	75,0	216	0	1,5	1020	-22	319	0,0	12,3	3753	0	0	5501	0	1022	0
06.09.2025	02:30:00	1,1	15,7	15,7	5502	75,0	216	0	1,5	1020	-22	319	0,0	12,3	3753	0	0	5501	0	1022	0
06.09.2025	03:00:00	1,1	15,7	15,7	5502	75,0	216	0	1,5	1020	-22	319	0,0	12,3	3753	0	0	5501	0	1022	0
06.09.2025	03:30:00	1,1	15,7	15,7	5502	75,0	216	0	1,5	1020	-22	319	0,0	12,3	3753	0	0	5501	0	1022	0
06.09.2025	04:00:00	1,1	15,7	15,7	5502	75,0	216	0	1,5	1020	-22	319	0,0	12,3	3753	0	0	5501	0	1022	0
06.09.2025	04:30:00	1,1	15,7	15,7	5502	75,0	216	0	1,5	1020	-22	319	0,0	12,3	3753	0	0	5501	0	1022	0
06.09.2025	05:00:00	1,1	15,7	15,7	5502	75,0	216	0	1,5	1020	-22	319	0,0	12,3	3753	0	0	5501	0	1022	0
06.09.2025	05:30:00	1,1	15,7	15,7	5502	75,0	216	0	1,5	1020	-22	319	0,0	12,3	3753	0	0	5501	0	1022	0
06.09.2025	06:00:00	1,1	15,7	15,7	5502	75,0	216	0	1,5	1020	-22	319	0,0	12,3	3753	0	0	5501	0	1022	0
06.09.2025	06:30:00	1,1	15,7	15,7	5502	75,0	216	0	1,5	1020	-22	319	0,0	12,3	3753	0	0	5501	0	1022	0
06.09.2025	07:00:00	1,1	15,7	15,7	5502	75,0	216	11	1,5	1020	-22	319	0,0	12,3	3753	0	0	5501	0	1022	0
06.09.2025	07:30:00	1,1	15,7	15,7	5502	75,0	216	42	1,5	1020	-22	319	0,0	12,3	3753	0	0	5501	0	1022	0
06.09.2025	08:00:00	1,1	15,7	15,7	5502	75,0	216	98	1,5	1020	-22	319	0,0	12,3	3753	0	0	5501	0	1022	0
06.09.2025	08:30:00	1,1	15,7	15,7	5502	75,0	216	166	1,5	1020	-22	319	0,0	12,3	3753	0	0	5501	0	1022	0
06.09.2025	09:00:00	1,1	15,7	15,7	5502	75,0	216	240	1,5	1020	-22	319	0,0	12,3	3753	0	0	5501	0	1022	0
06.09.2025	09:30:00	1,1	15,7	15,7	5502	75,0	216	315	1,5	1020	-22	319	0,0	12,3	3753	0	0	5501	0	1022	0
06.09.2025	10:00:00	1,1	15,7	15,7	5502	75,0	216	396	1,5	1020	-22	319	0,0	12,3	3753	0	0	5501	0	1022	0
06.09.2025	10:30:00	1,1	15,7	15,7	5502	75,0	216	470	1,5	1020	-22	319	0,0	12,3	3753	0	0	5501	0	1022	0
06.09.2025	11:00:00	1,1	15,7	15,7	5502	75,0	216	176	1,5	1020	-22	319	0,0	12,3	3753	0	0	5501	0	1022	0
06.09.2025	11:30:00	1,1	15,7	15,7	5502	75,0	216	643	1,5	1020	-22	319	0,0	12,3	3753	0	0	5501	0	1022	0
06.09.2025	12:00:00	1,1	15,7	15,7	5502	75,0	216	773	1,5	1020	-22	319	0,0	12,3	3753	0	0	5501	0	1022	0
06.09.2025	12:30:00	1,1	15,7	15,7	5502	75,0	216	754	1,5	1020	-22	319	0,0	12,3	3753	0	0	5501	0	1022	0
06.09.2025	13:00:00	1,1	15,7	15,7	5502	75,0	216	737	1,5	1020	-22	319	0,0	12,3	3753	0	0	5501	0	1022	0
06.09.2025	13:30:00	1,1	15,7	15,7	5502	75,0	216	767	1,5	1020	-22	319	0,0	12,3	3753	0	0	5501	0	1022	0
06.09.2025	14:00:00	1,1	15,7	15,7	5502	75,0	216	766	1,5	1020	-22	319	0,0	12,3	3753	0	0	5501	0	1022	0
06.09.2025	14:30:00	1,1	15,7	15,7	5502	75,0	216	725	1,5	1020	-22	319	0,0	12,3	3753	0	0	5501	0	1022	0
06.09.2025	15:00:00	1,1	15,7	15,7	5502	75,0	216	142	1,5	1020	-22	319	0,0	12,3	3753	0	0	5501	0	1022	0
06.09.2025	15:30:00	1,1	15,7	15,7	5502	75,0	216	152	1,5	1020	-22	319	0,0	12,3	3753	0	0	5501	0	1022	0
06.09.2025	16:00:00	1,1	15,7	15,7	5502	75,0	216	616	1,5	1020	-22	319	0,0	12,3	3753	0	0	5501	0	1022	0
06.09.2025	16:30:00	1,1	15,7	15,7	5502	75,0	216	119	1,5	1020	-22	319	0,0	12,3	3753	0	0	5501	0	1022	0
06.09.2025	17:00:00	1,1	15,7	15,7	5502	75,0	216	84	1,5	1020	-22	319	0,0	12,3	3753	0	0	5501	0	1022	0
06.09.2025	17:30:00	1,1	15,7	15,7	5502	75,0	216	343	1,5	1020	-22	319	0,0	12,3	3753	0	0	5501	0	1022	0
06.09.2025	18:00:00	1,1	15,7	15,7	5502	75,0	216	215	1,5	1020	-22	319	0,0	12,3	3753	0	0	5501	0	1022	0
06.09.2025	18:30:00	1,1	15,7	15,7	5502	75,0	216	43	1,5	1020	-22	319	0,0	12,3	3753	0	0	5501	0	1022	0
06.09.2025	19:00:00	1,1	15,7	15,7	5502	75,0	216	79	1,5	1020	-22	319	0,0	12,3	3753	0	0	5501	0	1022	0
06.09.2025	19:30:00	1,1	15,7	15,7	5502	75,0	216	37	1,5	1020	-22	319	0,0	12,3	3753	0	0	5501	0	1022	0
06.09.2025	20:00:00	1,1	15,7	15,7	5502	75,0	216	5	1,5	1020	-22	319	0,0	12,3	3753	0	0	5501	0	1022	0
06.09.2025	20:30:00	1,1	15,7	15,7	5502	75,0	216	0	1,5	1020	-22	319	0,0	12,3	3753	0	0	5501	0	1022	0
06.09.2025	21:00:00	1,1	15,7	15,7	5502	75,0	216	0	1,5	1020	-22	319	0,0	12,3	3753	0	0	5501	0	1022	0
06.09.2025	21:30:00	1,1	15,7	15,7	5502	75,0	216	0	1,5	1020	-22	319	0,0	12,3	3753	0	0	5501	0	1022	0
06.09.2025	22:00:00	1,1	15,7	15,7	5502	75,0	216	0	1,5	1020	-22	319	0,0	12,3	3753	0	0	5501	0	1022	0
06.09.2025	22:30:00	1,1	15,7	15,7	5502	75,0	216	0	1,5	1020	-22	319	0,0	12,3	3753	0	0	5501	0	1022	0
06.09.2025	23:00:00	1,1	15,7	15,7	5502	75,0	216	0	1,5	1020	-22	319	0,0	12,3	3753	0	0	5501	0	1022	0
06.09.2025	23:30:00	1,1	15,7	15,7	5502	75,0	216	0	1,5	1020	-22	319	0,0	12,3	3753	0	0	5501	0	1022	0
07.09.2025	00:00:00	1,1	15,7	15,7	5502	75,0	216	0	1,5	1020	-22	319	0,0	12,3	3753	0	0	5501	0	1022	0
07.09.2025	00:30:00	1,1	15,7	15,7	5502	75,0	216	0	1,5	1020	-22	319	0,0	12,3	3753	0	0	5501	0	1022	0
07.09.2025	01:00:00	1,1	15,7	15,7	5502	75,0	216	0	1,5	1020	-22	319	0,0	12,3	3753	0	0	5501	0	1022	0
07.09.2025	01:30:00	1,1	15,7	15,7	5502	75,0	216	0	1,5	1020	-22	319	0,0	12,3	3753	0	0	5501	0	1022	0
07.09.2025	02:00:00	1,1	15,7	15,7	5502	75,0	216	0	1,5	1020	-22	319	0,0	12,3	3753	0	0	5501	0	1022	0
07.09.2025	02:30:00	1,1	15,7	15,7	5502	75,0	216	0	1,5	1020	-22	319	0,0	12,3	3753	0	0	5501	0	1022	0
07.09.2025	03:00:00	1,1	15,7	15,7	5502	75,0	216	0	1,5	1020	-22	319	0,0	12,3	3753	0	0	5501	0	1022	0
07.09.2025	03:30:00	1,1	15,7	15,7	5502	75,0	216	0	1,5	1020	-22	319	0,0	12,3	3753	0	0	5501	0	1022	0
07.09.2025	04:00:00	1,1	15,7	15,7	5502	75,0	216	0	1,5	1020	-22	319	0,0	12,3	3753	0	0	5501	0	1022	0
07.09.2025	04:30:00	1,1	15,7	15,7	5502	75,0	216	0	1,5	1020	-22	319	0,0	12,3	3753	0	0	5501	0	1022	0
07.09.2025	05:00:00	1,1	15,7	15,7	5502	75,0	216	0	1,5	1020	-22	319	0,0	12,3	3753	0	0	5501	0	1022	0
07.09.2025	05:30:00	1,1	15,7	15,7	5502	75,0	216	0	1,5	1020	-22	319	0,0	12,3	3753	0	0	5501	0	1022	0
07.09.2025	06:00:00	1,1	15,7	15,7	5502	75,0	216	0	1,5	1020	-22	319	0,0	12,3	3753	0	0	5501	0	1022	0
07.09.2025	06:30:00	1,1	15,7	15,7	5502	75,0	216	0	1,5	1020	-22	319	0,0	12,3	3753	0	0	5501	0	1022	0
07.09.2025	07:00:00	1,1	15,7	15,7	5502	75,0	216	7	1,5	1020	-22	319	0,0	12,3	3753	0	0	5501	0	1022	0
07.09.2025	07:30:00	1,1	15,7	15,7	5502	75,0	216	18	1,5	1020	-22	319	0,0	12,3	3753	0	0	5501	0	1022	0
07.09.2025	08:00:00	1,1	15,7	15,7	5502	75,0	216	39	1,5	1020	-22	319	0,0	12,3	3753	0	0	5501	0	1022	0
07.09.2025	08:30:00	1,1	15,7	15,7	5502	75,0	216	140	1,5	1020	-22	319	0,0	12,3	3753	0	0	5501	0	1022	0
07.09.2025	09:00:00	1,1	15,7	15,7	5502	75,0	216	188	1,5	1020	-22	319	0,0	12,3	3753	0	0	5501	0	1022	0
07.09.2025	09:30:00	1,1	15,7	15,7	5502	75,0	216	316	1,5	1020	-22	319	0,0	12,3	3753	0	0	5501	0	1022	0
07.09.2025	10:00:00	1,1	15,7	15,7	5502	75,0	216	404	1,5	1020	-22	319	0,0	12,3	3753	0	0	5501	0	1022	0
07.09.2025	10:30:00	1,1	15,7	15,7	5502	75,0	216	472	1,5	1020	-22	319	0,0	12,3	3753	0	0	5501	0	1022	0
07.09.2025	11:00:00	1,1	15,7	15,7	5502	75,0	216	533	1,5	1020	-22	319	0,0	12,3	3753	0	0	5501	0	1022	0
07.09.2025	11:30:00	1,1	15,7	15,7	5502	75,0	216	559	1,5	1020	-22	319	0,0	12,3	3753	0	0	5501	0	1022	0
07.09.2025	12:00:00	1,1	15,7	15,7	5502	75,0	216	551	1,5	1020	-22	319	0,0	12,3	3753	0	0	5501	0	1022	0
07.09.2025	12:30:00	1,1	15,7	15,7	5502	75,0	216	679	1,5	1020	-22	319	0,0	12,3	3753	0	0	5501	0	1022	0
07.09.2025	13:00:00	1,1	15,7	15,7	5502	75,0	216	622	1,5	1020	-22	319	0,0	12,3	3753	0	0	5501	0	1022	0
07.09.2025	13:30:00	1,1	15,7	15,7	5502	75,0	216	538	1,5	1020	-22	319	0,0	12,3	3753	0	0	5501	0	1022	0
07.09.2025	14:00:00	1,1	15,7	15,7	5502	75,0	216	602	1,5	1020	-22	319	0,0	12,3	3753	0	0	5501	0	1022	0
07.09.2025	14:30:00	1,1	15,7	15,7	5502	75,0	216	591	1,5	1020	-22	319	0,0	12,3	3753	0	0	5501	0	1022	0
07.09.2025	15:00:00	1,1	15,7	15,7	5502	75,0	216	249	1,5	1020	-22	319	0,0	12,3	3753	0	0	5501	0	1022	0
07.09.2025	15:30:00	1,1	15,7	15,7	5502	75,0	216	221	1,5	1020	-22	319	0,0	12,3	3753	0	0	5501	0	1022	0
07.09.2025	16:00:00	1,1	15,7	15,7	5502	75,0	216	553	1,5	1020	-22	319	0,0	12,3	3753	0	0	5501	0	1022	0
07.09.2025	16:30:00	1,1	15,7	15,7	5502	75,0	216	503	1,5	1020	-22	319	0,0	12,3	3753	0	0	5501	0	1022	0
07.09.2025	17:00:00	1,1	15,7	15,7	5502	75,0	216	402	1,5	1020	-22	319	0,0	12,3	3753	0	0	5501	0	1022	0
07.09.2025	17:30:00	1,1	15,7	15,7	5502	75,0	216	320	1,5	1020	-22	319	0,0	12,3	3753	0	0	5501	0	1022	0
07.09.2025	18:00:00	1,1	15,7	15,7	5502	75,0	216	219	1,5	1020	-22	319	0,0	12,3	3753	0	0	5501	0	1022	0
07.09.2025	18:30:00	1,1	15,7	15,7	5502	75,0	216	178	1,5	1020	-22	319	0,0	12,3	3753	0	0	5501	0	1022	0
07.09.2025	19:00:00	1,1	15,7	15,7	5502	75,0	216	110	1,5	1020	-22	319	0,0	12,3	3753	0	0	5501	0	1022	0
07.09.2025	19:30:00	1,1	15,7	15,7	5502	75,0	216	63	1,5	1020	-22	319	0,0	12,3	3753	0	0	5501	0	1022	0
07.09.2025	20:00:00	1,1	15,7	15,7	5502	75,0	216	9	1,5	1020	-22	319	0,0	12,3	3753	0	0	5501	0	1022	0
07.09.2025	20:30:00	1,1	15,7	15,7	5502	75,0	216	0	1,5	1020	-22	319	0,0	12,3	3753	0	0	5501	0	1022	0
07.09.2025	21:00:00	1,1	15,7	15,7	5502	75,0	216	0	1,5	1020	-22	319	0,0	12,3	3753	0	0	5501	0	1022	0
07.09.2025	21:30:00	1,1	15,7	15,7	5502	75,0	216	0	1,5	1020	-22	319	0,0	12,3	3753	0	0	5501	0	1022	0
07.09.2025	22:00:00	1,1	15,7	15,7	5502	75,0	216	0	1,5	1020	-22	319	0,0	12,3	3753	0	0	5501	0	1022	0
07.09.2025	22:30:00	1,1	15,7	15,7	5502	75,0	216	0	1,5	1020	-22	319	0,0	12,3	3753	0	0	5501	0	1022	0
07.09.2025	23:00:00	1,1	15,7	15,7	5502	75,0	216	0	1,5	1020	-22	319	0,0	12,3	3753	0	0	5501	0	1022	0
07.09.2025	23:30:00	1,1	15,7	15,7	5502	75,0	216	0	1,5	1020	-22	319	0,0	12,3	3753	0	0	5501	0	1022	0
08.09.2025	00:00:00	1,1	15,7	15,7	5502	75,0	216	0	1,5	1020	-22	319	0,0	12,3	3753	0	0	5501	0	1022	0
08.09.2025	00:30:00	1,1	15,7	15,7	5502	75,0	216	0	1,5	1020	-22	319	0,0	12,3	3753	0	0	5501	0	1022	0
08.09.2025	01:00:00	1,1	15,7	15,7	5502	75,0	216	0	1,5	1020	-22	319	0,0	12,3	3753	0	0	5501	0	1022	0
08.09.2025	01:30:00	1,1	15,7	15,7	5502	75,0	216	0	1,5	1020	-22	319	0,0	12,3	3753	0	0	5501	0	1022	0
08.09.2025	02:00:00	1,1	15,7	15,7	5502	75,0	216	0	1,5	1020	-22	319	0,0	12,3	3753	0	0	5501	0	1022	0
08.09.2025	02:30:00	1,1	15,7	15,7	5502	75,0	216	0	1,5	1020	-22	319	0,0	12,3	3753	0	0	5501	0	1022	0
08.09.2025	03:00:00	1,1	15,7	15,7	5502	75,0	216	0	1,5	1020	-22	319	0,0	12,3	3753	0	0	5501	0	1022	0
08.09.2025	03:30:00	1,1	15,7	15,7	5502	75,0	216	0	1,5	1020	-22	319	0,0	12,3	3753	0	0	5501	0	1022	0
08.09.2025	04:00:00	1,1	15,7	15,7	5502	75,0	216	0	1,5	1020	-22	319	0,0	12,3	3753	0	0	5501	0	1022	0
08.09.2025	04:30:00	1,1	15,7	15,7	5502	75,0	216	0	1,5	1020	-22	319	0,0	12,3	3753	0	0	5501	0	1022	0
08.09.2025	05:00:00	1,1	15,7	15,7	5502	75,0	216	0	1,5	1020	-22	319	0,0	12,3	3753	0	0	5501	0	1022	0
08.09.2025	05:30:00	1,1	15,7	15,7	5502	75,0	216	0	1,5	1020	-22	319	0,0	12,3	3753	0	0	5501	0	1022	0
08.09.2025	06:00:00	1,1	15,7	15,7	5502	75,0	216	0	1,5	1020	-22	319	0,0	12,3	3753	0	0	5501	0	1022	0
08.09.2025	06:30:00	1,1	15,7	15,7	5502	75,0	216	0	1,5	1020	-22	319	0,0	12,3	3753	0	0	5501	0	1022	0
08.09.2025	07:00:00	1,1	15,7	15,7	5502	75,0	216	9	1,5	1020	-22	319	0,0	12,3	3753	0	0	5501	0	1022	0
08.09.2025	07:30:00	1,1	15,7	15,7	5502	75,0	216	43	1,5	1020	-22	319	0,0	12,3	3753	0	0	5501	0	1022	0
08.09.2025	08:00:00	1,1	15,7	15,7	5502	75,0	216	103	1,5	1020	-22	319	0,0	12,3	3753	0	0	5501	0	1022	0
08.09.2025	08:30:00	1,1	15,7	15,7	5502	75,0	216	171	1,5	1020	-22	319	0,0	12,3	3753	0	0	5501	0	1022	0
08.09.2025	09:00:00	1,1	15,7	15,7	5502	75,0	216	250	1,5	1020	-22	319	0,0	12,3	3753	0	0	5501	0	1022	0
08.09.2025	09:30:00	1,1	15,7	15,7	5502	75,0	216	338	1,5	1020	-22	319	0,0	12,3	3753	0	0	5501	0	1022	0
08.09.2025	10:00:00	1,1	15,7	15,7	5502	75,0	216	439	1,5	1020	-22	319	0,0	12,3	3753	0	0	5501	0	1022	0
08.09.2025	10:30:00	1,1	15,7	15,7	5502	75,0	216	514	1,5	1020	-22	319	0,0	12,3	3753	0	0	5501	0	1022	0
08.09.2025	11:00:00	1,1	15,7	15,7	5502	75,0	216	508	1,5	1020	-22	319	0,0	12,3	3753	0	0	5501	0	1022	0
08.09.2025	11:30:00	1,1	15,7	15,7	5502	75,0	216	283	1,5	1020	-22	319	0,0	12,3	3753	0	0	5501	0	1022	0
08.09.2025	12:00:00	1,1	15,7	15,7	5502	75,0	216	330	1,5	1020	-22	319	0,0	12,3	3753	0	0	5501	0	1022	0
08.09.2025	12:30:00	1,1	15,7	15,7	5502	75,0	216	278	1,5	1020	-22	319	0,0	12,3	3753	0	0	5501	0	1022	0
08.09.2025	13:00:00	1,1	15,7	15,7	5502	75,0	216	234	1,5	1020	-22	319	0,0	12,3	3753	0	0	5501	0	1022	0
08.09.2025	13:30:00	1,1	15,7	15,7	5502	75,0	216	330	1,5	1020	-22	319	0,0	12,3	3753	0	0	5501	0	1022	0
08.09.2025	14:00:00	1,1	15,7	15,7	5502	75,0	216	229	1,5	1020	-22	319	0,0	12,3	3753	0	0	5501	0	1022	0
08.09.2025	14:30:00	1,1	15,7	15,7	5502	75,0	216	182	1,5	1020	-22	319	0,0	12,3	3753	0	0	5501	0	1022	0
08.09.2025	15:00:00	1,1	15,7	15,7	5502	75,0	216	94	1,5	1020	-22	319	0,0	12,3	3753	0	0	5501	0	1022	0
08.09.2025	15:30:00	1,1	15,7	15,7	5502	75,0	216	39	1,5	1020	-22	319	0,0	12,3	3753	0	0	5501	0	1022	0
08.09.2025	16:00:00	1,1	15,7	15,7	5502	75,0	216	44	1,5	1020	-22	319	0,0	12,3	3753	0	0	5501	0	1022	0
08.09.2025	16:30:00	1,1	15,7	15,7	5502	75,0	216	54	1,5	1020	-22	319	0,0	12,3	3753	0	0	5501	0	1022	0
08.09.2025	17:00:00	1,1	15,7	15,7	5502	75,0	216	79	1,5	1020	-22	319	0,0	12,3	3753	0	0	5501	0	1022	0
08.09.2025	17:30:00	1,1	15,7	15,7	5502	75,0	216	73	1,5	1020	-22	319	0,0	12,3	3753	0	0	5501	0	1022	0
08.09.2025	18:00:00	1,1	15,7	15,7	5502	75,0	216	87	1,5	1020	-22	319	0,0	12,3	3753	0	0	5501	0	1022	0
08.09.2025	18:30:00	1,1	15,7	15,7	5502	75,0	216	15	1,5	1020	-22	319	0,0	12,3	3753	0	0	5501	0	1022	0
08.09.2025	19:00:00	1,1	15,7	15,7	5502	75,0	216	19	1,5	1020	-22	319	0,0	12,3	3753	0	0	5501	0	1022	0
08.09.2025	19:30:00	1,1	15,7	15,7	5502	75,0	216	20	1,5	1020	-22	319	0,0	12,3	3753	0	0	5501	0	1022	0
08.09.2025	20:00:00	1,1	15,7	15,7	5502	75,0	216	1	1,5	1020	-22	319	0,0	12,3	3753	0	0	5501	0	1022	0
08.09.2025	20:30:00	1,1	15,7	15,7	5502	75,0	216	0	1,5	1020	-22	319	0,0	12,3	3753	0	0	5501	0	1022	0
08.09.2025	21:00:00	1,1	15,7	15,7	5502	75,0	216	0	1,5	1020	-22	319	0,0	12,3	3753	0	0	5501	0	1022	0
08.09.2025	21:30:00	1,1	15,7	15,7	5502	75,0	216	0	1,5	1020	-22	319	0,0	12,3	3753	0	0	5501	0	1022	0
08.09.2025	22:00:00	1,1	15,7	15,7	5502	75,0	216	0	1,5	1020	-22	319	0,0	12,3	3753	0	0	5501	0	1022	0
08.09.2025	22:30:00	1,1	15,7	15,7	5502	75,0	216	0	1,5	1020	-22	319	0,0	12,3	3753	0	0	5501	0	1022	0
08.09.2025	23:00:00	1,1	15,7	15,7	5502	75,0	216	0	1,5	1020	-22	319	0,0	12,3	3753	0	0	5501	0	1022	0
08.09.2025	23:30:00	1,1	15,7	15,7	5502	75,0	216	0	1,5	1020	-22	319	0,0	12,3	3753	0	0	5501	0	1022	0
09.09.2025	00:00:00	1,1	15,7	15,7	5502	75,0	216	0	1,5	1020	-22	319	0,0	12,3	3753	0	0	5501	0	1022	0
09.09.2025	00:30:00	1,1	15,7	15,7	5502	75,0	216	0	1,5	1020	-22	319	0,0	12,3	3753	0	0	5501	0	1022	0
09.09.2025	01:00:00	1,1	15,7	15,7	5502	75,0	216	0	1,5	1020	-22	319	0,0	12,3	3753	0	0	5501	0	1022	0
09.09.2025	01:30:00	1,1	15,7	15,7	5502	75,0	216	0	1,5	1020	-22	319	0,0	12,3	3753	0	0	5501	0	1022	0
09.09.2025	02:00:00	1,1	15,7	15,7	5502	75,0	216	0	1,5	1020	-22	319	0,0	12,3	3753	0	0	5501	0	1022	0
09.09.2025	02:30:00	1,1	15,7	15,7	5502	75,0	216	0	1,5	1020	-22	319	0,0	12,3	3753	0	0	5501	0	1022	0
09.09.2025	03:00:00	1,1	15,7	15,7	5502	75,0	216	0	1,5	1020	-22	319	0,0	12,3	3753	0	0	5501	0	1022	0
09.09.2025	03:30:00	1,1	15,7	15,7	5502	75,0	216	0	1,5	1020	-22	319	0,0	12,3	3753	0	0	5501	0	1022	0
09.09.2025	04:00:00	1,1	15,7	15,7	5502	75,0	216	0	1,5	1020	-22	319	0,0	12,3	3753	0	0	5501	0	1022	0
09.09.2025	04:30:00	1,1	15,7	15,7	5502	75,0	216	0	1,5	1020	-22	319	0,0	12,3	3753	0	0	5501	0	1022	0
09.09.2025	05:00:00	1,1	15,7	15,7	5502	75,0	216	0	1,5	1020	-22	319	0,0	12,3	3753	0	0	5501	0	1022	0
09.09.2025	05:30:00	1,1	15,7	15,7	5502	75,0	216	0	1,5	1020	-22	319	0,0	12,3	3753	0	0	5501	0	1022	0
09.09.2025	06:00:00	1,1	15,7	15,7	5502	75,0	216	0	1,5	1020	-22	319	0,0	12,3	3753	0	0	5501	0	1022	0
09.09.2025	06:30:00	1,1	15,7	15,7	5502	75,0	216	0	1,5	1020	-22	319	0,0	12,3	3753	0	0	5501	0	1022	0
09.09.2025	07:00:00	1,1	15,7	15,7	5502	75,0	216	3	1,5	1020	-22	319	0,0	12,3	3753	0	0	5501	0	1022	0
09.09.2025	07:30:00	1,1	15,7	15,7	5502	75,0	216	7	1,5	1020	-22	319	0,0	12,3	3753	0	0	5501	0	1022	0
09.09.2025	08:00:00	1,1	15,7	15,7	5502	75,0	216	15	1,5	1020	-22	319	0,0	12,3	3753	0	0	5501	0	1022	0
09.09.2025	08:30:00	1,1	15,7	15,7	5502	75,0	216	18	1,5	1020	-22	319	0,0	12,3	3753	0	0	5501	0	1022	0
09.09.2025	09:00:00	1,1	15,7	15,7	5502	75,0	216	59	1,5	1020	-22	319	0,0	12,3	3753	0	0	5501	0	1022	0
09.09.2025	09:30:00	1,1	15,7	15,7	5502	75,0	216	100	1,5	1020	-22	319	0,0	12,3	3753	0	0	5501	0	1022	0
09.09.2025	10:00:00	1,1	15,7	15,7	5502	75,0	216	102	1,5	1020	-22	319	0,0	12,3	3753	0	0	5501	0	1022	0
09.09.2025	10:30:00	1,1	15,7	15,7	5502	75,0	216	87	1,5	1020	-22	319	0,0	12,3	3753	0	0	5501	0	1022	0
09.09.2025	11:00:00	1,1	15,7	15,7	5502	75,0	216	148	1,5	1020	-22	319	0,0	12,3	3753	0	0	5501	0	1022	0
09.09.2025	11:30:00	1,1	15,7	15,7	5502	75,0	216	236	1,5	1020	-22	319	0,0	12,3	3753	0	0	5501	0	1022	0
09.09.2025	12:00:00	0,0	0,0	0,0	0	0,0	0	521	0,0	0	0	0	0,0	0,0	0	0	0	0	0	0	0
09.09.2025	12:30:00	0,0	0,0	0,0	0	0,0	0	479	0,0	0	0	0	0,0	0,0	0	0	0	0	0	0	0
09.09.2025	13:00:00	0,0	0,0	0,0	0	0,0	0	337	0,0	0	0	0	0,0	0,0	0	0	0	0	0	0	0
09.09.2025	13:30:00	0,0	0,0	0,0	0	0,0	0	357	0,0	0	0	0	0,0	0,0	0	0	0	0	0	0	0
09.09.2025	14:00:00	0,0	0,0	0,0	0	0,0	0	577	0,0	0	0	0	0,0	0,0	0	0	0	0	0	0	0
09.09.2025	14:30:00	0,0	0,0	0,0	0	0,0	0	215	0,0	0	0	0	0,0	0,0	0	0	0	0	0	0	0
09.09.2025	15:00:00	0,0	0,0	0,0	0	0,0	0	228	0,0	0	0	0	0,0	0,0	0	0	0	0	0	0	0
09.09.2025	15:30:00	0,0	0,0	0,0	0	0,0	0	235	0,0	0	0	0	0,0	0,0	0	0	0	0	0	0	0
09.09.2025	16:00:00	0,0	0,0	0,0	0	0,0	0	249	0,0	0	0	0	0,0	0,0	0	0	0	0	0	0	0
09.09.2025	16:30:00	0,0	0,0	0,0	0	0,0	0	208	0,0	0	0	0	0,0	0,0	0	0	0	0	0	0	0
09.09.2025	17:00:00	0,0	0,0	0,0	0	0,0	0	93	0,0	0	0	0	0,0	0,0	0	0	0	0	0	0	0
09.09.2025	17:30:00	0,0	0,0	0,0	0	0,0	0	36	0,0	0	0	0	0,0	0,0	0	0	0	0	0	0	0
09.09.2025	18:00:00	0,0	0,0	0,0	0	0,0	0	45	0,0	0	0	0	0,0	0,0	0	0	0	0	0	0	0
09.09.2025	19:00:00	0,0	0,0	0,0	0	0,0	0	11	0,0	0	0	0	0,0	0,0	0	0	0	0	0	0	0
09.09.2025	19:30:00	0,0	0,0	0,0	0	0,0	0	5	0,0	0	0	0	0,0	0,0	0	0	0	0	0	0	0
09.09.2025	20:00:00	0,0	0,0	0,0	0	0,0	0	1	0,0	0	0	0	0,0	0,0	0	0	0	0	0	0	0
09.09.2025	20:30:00	0,0	0,0	0,0	0	0,0	0	0	0,0	0	0	0	0,0	0,0	0	0	0	0	0	0	0
09.09.2025	21:00:00	0,0	0,0	0,0	0	0,0	0	0	0,0	0	0	0	0,0	0,0	0	0	0	0	0	0	0
09.09.2025	21:30:00	0,0	0,0	0,0	0	0,0	0	0	0,0	0	0	0	0,0	0,0	0	0	0	0	0	0	0
09.09.2025	22:00:00	0,0	0,0	0,0	0	0,0	0	0	0,0	0	0	0	0,0	0,0	0	0	0	0	0	0	0
09.09.2025	22:30:00	0,0	0,0	0,0	0	0,0	0	0	0,0	0	0	0	0,0	0,0	0	0	0	0	0	0	0
09.09.2025	23:00:00	0,0	0,0	0,0	0	0,0	0	0	0,0	0	0	0	0,0	0,0	0	0	0	0	0	0	0
09.09.2025	23:30:00	0,0	0,0	0,0	0	0,0	0	0	0,0	0	0	0	0,0	0,0	0	0	0	0	0	0	0
10.09.2025	00:00:00	0,0	0,0	0,0	0	0,0	0	0	0,0	0	0	0	0,0	0,0	0	0	0	0	0	0	0
10.09.2025	00:30:00	0,0	0,0	0,0	0	0,0	0	0	0,0	0	0	0	0,0	0,0	0	0	0	0	0	0	0
10.09.2025	01:00:00	0,0	0,0	0,0	0	0,0	0	0	0,0	0	0	0	0,0	0,0	0	0	0	0	0	0	0
10.09.2025	01:30:00	0,0	0,0	0,0	0	0,0	0	0	0,0	0	0	0	0,0	0,0	0	0	0	0	0	0	0
10.09.2025	02:00:00	0,0	0,0	0,0	0	0,0	0	0	0,0	0	0	0	0,0	0,0	0	0	0	0	0	0	0
10.09.2025	02:30:00	0,0	0,0	0,0	0	0,0	0	0	0,0	0	0	0	0,0	0,0	0	0	0	0	0	0	0
10.09.2025	03:00:00	0,0	0,0	0,0	0	0,0	0	0	0,0	0	0	0	0,0	0,0	0	0	0	0	0	0	0
10.09.2025	03:30:00	0,0	0,0	0,0	0	0,0	0	0	0,0	0	0	0	0,0	0,0	0	0	0	0	0	0	0
10.09.2025	04:00:00	0,0	0,0	0,0	0	0,0	0	0	0,0	0	0	0	0,0	0,0	0	0	0	0	0	0	0
10.09.2025	04:30:00	0,0	0,0	0,0	0	0,0	0	0	0,0	0	0	0	0,0	0,0	0	0	0	0	0	0	0
10.09.2025	05:00:00	0,0	0,0	0,0	0	0,0	0	0	0,0	0	0	0	0,0	0,0	0	0	0	0	0	0	0
10.09.2025	05:30:00	0,0	0,0	0,0	0	0,0	0	0	0,0	0	0	0	0,0	0,0	0	0	0	0	0	0	0
10.09.2025	06:00:00	0,0	0,0	0,0	0	0,0	0	0	0,0	0	0	0	0,0	0,0	0	0	0	0	0	0	0
10.09.2025	06:30:00	0,0	0,0	0,0	0	0,0	0	0	0,0	0	0	0	0,0	0,0	0	0	0	0	0	0	0
10.09.2025	07:00:00	0,0	0,0	0,0	0	0,0	0	2	0,0	0	0	0	0,0	0,0	0	0	0	0	0	0	0
10.09.2025	07:30:00	0,0	0,0	0,0	0	0,0	0	18	0,0	0	0	0	0,0	0,0	0	0	0	0	0	0	0
10.09.2025	08:00:00	0,0	0,0	0,0	0	0,0	0	25	0,0	0	0	0	0,0	0,0	0	0	0	0	0	0	0
10.09.2025	08:30:00	0,0	0,0	0,0	0	0,0	0	79	0,0	0	0	0	0,0	0,0	0	0	0	0	0	0	0
10.09.2025	09:00:00	0,0	0,0	0,0	0	0,0	0	127	0,0	0	0	0	0,0	0,0	0	0	0	0	0	0	0
10.09.2025	09:30:00	0,0	0,0	0,0	0	0,0	0	189	0,0	0	0	0	0,0	0,0	0	0	0	0	0	0	0
10.09.2025	10:00:00	0,0	0,0	0,0	0	0,0	0	147	0,0	0	0	0	0,0	0,0	0	0	0	0	0	0	0
10.09.2025	10:30:00	0,0	0,0	0,0	0	0,0	0	262	0,0	0	0	0	0,0	0,0	0	0	0	0	0	0	0
10.09.2025	11:00:00	0,0	0,0	0,0	0	0,0	0	407	0,0	0	0	0	0,0	0,0	0	0	0	0	0	0	0
10.09.2025	11:30:00	0,0	0,0	0,0	0	0,0	0	569	0,0	0	0	0	0,0	0,0	0	0	0	0	0	0	0
10.09.2025	12:00:00	0,0	0,0	0,0	0	0,0	0	340	0,0	0	0	0	0,0	0,0	0	0	0	0	0	0	0
10.09.2025	12:30:00	0,0	0,0	0,0	0	0,0	0	700	0,0	0	0	0	0,0	0,0	0	0	0	0	0	0	0
10.09.2025	13:00:00	0,0	0,0	0,0	0	0,0	0	627	0,0	0	0	0	0,0	0,0	0	0	0	0	0	0	0
10.09.2025	13:30:00	0,0	0,0	0,0	0	0,0	0	441	0,0	0	0	0	0,0	0,0	0	0	0	0	0	0	0
10.09.2025	14:00:00	0,0	0,0	0,0	0	0,0	0	291	0,0	0	0	0	0,0	0,0	0	0	0	0	0	0	0
10.09.2025	14:30:00	0,0	0,0	0,0	0	0,0	0	397	0,0	0	0	0	0,0	0,0	0	0	0	0	0	0	0
10.09.2025	15:00:00	0,0	0,0	0,0	0	0,0	0	274	0,0	0	0	0	0,0	0,0	0	0	0	0	0	0	0
10.09.2025	15:30:00	0,0	0,0	0,0	0	0,0	0	233	0,0	0	0	0	0,0	0,0	0	0	0	0	0	0	0
10.09.2025	16:00:00	0,0	0,0	0,0	0	0,0	0	170	0,0	0	0	0	0,0	0,0	0	0	0	0	0	0	0
10.09.2025	16:30:00	0,0	0,0	0,0	0	0,0	0	185	0,0	0	0	0	0,0	0,0	0	0	0	0	0	0	0
10.09.2025	17:00:00	0,0	0,0	0,0	0	0,0	0	149	0,0	0	0	0	0,0	0,0	0	0	0	0	0	0	0
10.09.2025	17:30:00	0,0	0,0	0,0	0	0,0	0	99	0,0	0	0	0	0,0	0,0	0	0	0	0	0	0	0
10.09.2025	18:00:00	0,0	0,0	0,0	0	0,0	0	200	0,0	0	0	0	0,0	0,0	0	0	0	0	0	0	0
10.09.2025	18:30:00	0,0	0,0	0,0	0	0,0	0	97	0,0	0	0	0	0,0	0,0	0	0	0	0	0	0	0
10.09.2025	19:00:00	0,0	0,0	0,0	0	0,0	0	91	0,0	0	0	0	0,0	0,0	0	0	0	0	0	0	0
10.09.2025	19:30:00	0,0	0,0	0,0	0	0,0	0	35	0,0	0	0	0	0,0	0,0	0	0	0	0	0	0	0
10.09.2025	20:00:00	0,0	0,0	0,0	0	0,0	0	2	0,0	0	0	0	0,0	0,0	0	0	0	0	0	0	0
10.09.2025	20:30:00	0,0	0,0	0,0	0	0,0	0	0	0,0	0	0	0	0,0	0,0	0	0	0	0	0	0	0
10.09.2025	21:00:00	0,0	0,0	0,0	0	0,0	0	0	0,0	0	0	0	0,0	0,0	0	0	0	0	0	0	0
10.09.2025	21:30:00	0,0	0,0	0,0	0	0,0	0	0	0,0	0	0	0	0,0	0,0	0	0	0	0	0	0	0
10.09.2025	22:00:00	0,0	0,0	0,0	0	0,0	0	0	0,0	0	0	0	0,0	0,0	0	0	0	0	0	0	0
10.09.2025	22:30:00	0,0	0,0	0,0	0	0,0	0	0	0,0	0	0	0	0,0	0,0	0	0	0	0	0	0	0
10.09.2025	23:00:00	0,0	0,0	0,0	0	0,0	0	0	0,0	0	0	0	0,0	0,0	0	0	0	0	0	0	0
10.09.2025	23:30:00	0,0	0,0	0,0	0	0,0	0	0	0,0	0	0	0	0,0	0,0	0	0	0	0	0	0	0
11.09.2025	00:00:00	0,0	0,0	0,0	0	0,0	0	0	0,0	0	0	0	0,0	0,0	0	0	0	0	0	0	0
11.09.2025	00:30:00	0,0	0,0	0,0	0	0,0	0	0	0,0	0	0	0	0,0	0,0	0	0	0	0	0	0	0
11.09.2025	01:00:00	0,0	0,0	0,0	0	0,0	0	0	0,0	0	0	0	0,0	0,0	0	0	0	0	0	0	0
11.09.2025	01:30:00	0,0	0,0	0,0	0	0,0	0	0	0,0	0	0	0	0,0	0,0	0	0	0	0	0	0	0
11.09.2025	02:00:00	0,0	0,0	0,0	0	0,0	0	0	0,0	0	0	0	0,0	0,0	0	0	0	0	0	0	0
11.09.2025	02:30:00	0,0	0,0	0,0	0	0,0	0	0	0,0	0	0	0	0,0	0,0	0	0	0	0	0	0	0
11.09.2025	03:00:00	0,0	0,0	0,0	0	0,0	0	0	0,0	0	0	0	0,0	0,0	0	0	0	0	0	0	0
11.09.2025	03:30:00	0,0	0,0	0,0	0	0,0	0	0	0,0	0	0	0	0,0	0,0	0	0	0	0	0	0	0
11.09.2025	04:00:00	0,0	0,0	0,0	0	0,0	0	0	0,0	0	0	0	0,0	0,0	0	0	0	0	0	0	0
11.09.2025	04:30:00	0,0	0,0	0,0	0	0,0	0	0	0,0	0	0	0	0,0	0,0	0	0	0	0	0	0	0
11.09.2025	05:00:00	0,0	0,0	0,0	0	0,0	0	0	0,0	0	0	0	0,0	0,0	0	0	0	0	0	0	0
11.09.2025	05:30:00	0,0	0,0	0,0	0	0,0	0	0	0,0	0	0	0	0,0	0,0	0	0	0	0	0	0	0
11.09.2025	06:00:00	0,0	0,0	0,0	0	0,0	0	0	0,0	0	0	0	0,0	0,0	0	0	0	0	0	0	0
11.09.2025	06:30:00	0,0	0,0	0,0	0	0,0	0	0	0,0	0	0	0	0,0	0,0	0	0	0	0	0	0	0
11.09.2025	07:00:00	0,0	0,0	0,0	0	0,0	0	2	0,0	0	0	0	0,0	0,0	0	0	0	0	0	0	0
11.09.2025	07:30:00	0,0	0,0	0,0	0	0,0	0	9	0,0	0	0	0	0,0	0,0	0	0	0	0	0	0	0
11.09.2025	08:00:00	0,0	0,0	0,0	0	0,0	0	16	0,0	0	0	0	0,0	0,0	0	0	0	0	0	0	0
11.09.2025	08:30:00	0,0	0,0	0,0	0	0,0	0	98	0,0	0	0	0	0,0	0,0	0	0	0	0	0	0	0
11.09.2025	09:00:00	0,0	0,0	0,0	0	0,0	0	158	0,0	0	0	0	0,0	0,0	0	0	0	0	0	0	0
11.09.2025	09:30:00	0,0	0,0	0,0	0	0,0	0	77	0,0	0	0	0	0,0	0,0	0	0	0	0	0	0	0
11.09.2025	10:00:00	0,0	0,0	0,0	0	0,0	0	159	0,0	0	0	0	0,0	0,0	0	0	0	0	0	0	0
11.09.2025	10:30:00	0,0	0,0	0,0	0	0,0	0	210	0,0	0	0	0	0,0	0,0	0	0	0	0	0	0	0
11.09.2025	11:00:00	0,0	0,0	0,0	0	0,0	0	146	0,0	0	0	0	0,0	0,0	0	0	0	0	0	0	0
11.09.2025	11:30:00			0,0				511													89
11.09.2025	12:00:00			0,0				182													89
11.09.2025	12:30:00	0,0	0,0	0,0	0	0,0	0	207	0,0	0	0	0	0,0	0,0	0	0	0	0	0	0	0
11.09.2025	13:00:00			0,0				79													0
11.09.2025	13:30:00	0,0	0,0	0,0	0	0,0	0	602	0,0	0	0	0	0,0	0,0	0	0	0	0	0	0	0
11.09.2025	14:00:00	0,0	0,0	0,0	0	0,0	0	797	0,0	0	0	0	0,0	0,0	0	0	0	0	0	0	0
11.09.2025	14:30:00	0,0	0,0	0,0	0	0,0	0	314	0,0	0	0	0	0,0	0,0	0	0	0	0	0	0	0
11.09.2025	15:00:00	0,0	0,0	0,0	0	0,0	0	25	0,0	0	0	0	0,0	0,0	0	0	0	0	0	0	0
11.09.2025	15:30:00	0,0	0,0	0,0	0	0,0	0	154	0,0	0	0	0	0,0	0,0	0	0	0	0	0	0	0
11.09.2025	16:00:00	0,0	0,0	0,0	0	0,0	0	106	0,0	0	0	0	0,0	0,0	0	0	0	0	0	0	0
11.09.2025	16:30:00	0,0	0,0	0,0	0	0,0	0	146	0,0	0	0	0	0,0	0,0	0	0	0	0	0	0	0
11.09.2025	17:00:00	0,0	0,0	0,0	0	0,0	0	221	0,0	0	0	0	0,0	0,0	0	0	0	0	0	0	0
11.09.2025	17:30:00	0,0	0,0	0,0	0	0,0	0	328	0,0	0	0	0	0,0	0,0	0	0	0	0	0	0	0
11.09.2025	18:00:00	0,0	0,0	0,0	0	0,0	0	212	0,0	0	0	0	0,0	0,0	0	0	0	0	0	0	0
11.09.2025	18:30:00	0,0	0,0	0,0	0	0,0	0	26	0,0	0	0	0	0,0	0,0	0	0	0	0	0	0	0
11.09.2025	19:00:00	0,0	0,0	0,0	0	0,0	0	17	0,0	0	0	0	0,0	0,0	0	0	0	0	0	0	0
11.09.2025	19:30:00	0,0	0,0	0,0	0	0,0	0	19	0,0	0	0	0	0,0	0,0	0	0	0	0	0	0	0
11.09.2025	20:00:00	0,0	0,0	0,0	0	0,0	0	1	0,0	0	0	0	0,0	0,0	0	0	0	0	0	0	0
11.09.2025	20:30:00	0,0	0,0	0,0	0	0,0	0	0	0,0	0	0	0	0,0	0,0	0	0	0	0	0	0	0
11.09.2025	21:00:00	0,0	0,0	0,0	0	0,0	0	0	0,0	0	0	0	0,0	0,0	0	0	0	0	0	0	0
11.09.2025	21:30:00	0,0	0,0	0,0	0	0,0	0	0	0,0	0	0	0	0,0	0,0	0	0	0	0	0	0	0
11.09.2025	22:00:00	0,0	0,0	0,0	0	0,0	0	0	0,0	0	0	0	0,0	0,0	0	0	0	0	0	0	0
11.09.2025	22:30:00	0,0	0,0	0,0	0	0,0	0	0	0,0	0	0	0	0,0	0,0	0	0	0	0	0	0	0
11.09.2025	23:00:00	0,0	0,0	0,0	0	0,0	0	0	0,0	0	0	0	0,0	0,0	0	0	0	0	0	0	0
11.09.2025	23:30:00	0,0	0,0	0,0	0	0,0	0	0	0,0	0	0	0	0,0	0,0	0	0	0	0	0	0	0
12.09.2025	00:00:00	0,0	0,0	0,0	0	0,0	0	0	0,0	0	0	0	0,0	0,0	0	0	0	0	0	0	0
12.09.2025	00:30:00	0,0	0,0	0,0	0	0,0	0	0	0,0	0	0	0	0,0	0,0	0	0	0	0	0	0	0
12.09.2025	01:00:00	0,0	0,0	0,0	0	0,0	0	0	0,0	0	0	0	0,0	0,0	0	0	0	0	0	0	0
12.09.2025	01:30:00	0,0	0,0	0,0	0	0,0	0	0	0,0	0	0	0	0,0	0,0	0	0	0	0	0	0	0
12.09.2025	02:00:00	0,0	0,0	0,0	0	0,0	0	0	0,0	0	0	0	0,0	0,0	0	0	0	0	0	0	0
12.09.2025	02:30:00	0,0	0,0	0,0	0	0,0	0	0	0,0	0	0	0	0,0	0,0	0	0	0	0	0	0	0
12.09.2025	03:00:00	0,0	0,0	0,0	0	0,0	0	0	0,0	0	0	0	0,0	0,0	0	0	0	0	0	0	0
12.09.2025	03:30:00	0,0	0,0	0,0	0	0,0	0	0	0,0	0	0	0	0,0	0,0	0	0	0	0	0	0	0
12.09.2025	04:00:00	0,0	0,0	0,0	0	0,0	0	0	0,0	0	0	0	0,0	0,0	0	0	0	0	0	0	0
12.09.2025	04:30:00	0,0	0,0	0,0	0	0,0	0	0	0,0	0	0	0	0,0	0,0	0	0	0	0	0	0	0
12.09.2025	05:00:00	0,0	0,0	0,0	0	0,0	0	0	0,0	0	0	0	0,0	0,0	0	0	0	0	0	0	0
12.09.2025	05:30:00	0,0	0,0	0,0	0	0,0	0	0	0,0	0	0	0	0,0	0,0	0	0	0	0	0	0	0
12.09.2025	06:00:00	0,0	0,0	0,0	0	0,0	0	0	0,0	0	0	0	0,0	0,0	0	0	0	0	0	0	0
12.09.2025	06:30:00	0,0	0,0	0,0	0	0,0	0	0	0,0	0	0	0	0,0	0,0	0	0	0	0	0	0	0
12.09.2025	07:00:00	0,0	0,0	0,0	0	0,0	0	1	0,0	0	0	0	0,0	0,0	0	0	0	0	0	0	0
12.09.2025	07:30:00	0,0	0,0	0,0	0	0,0	0	26	0,0	0	0	0	0,0	0,0	0	0	0	0	0	0	0
12.09.2025	08:00:00	0,0	0,0	0,0	0	0,0	0	46	0,0	0	0	0	0,0	0,0	0	0	0	0	0	0	0
12.09.2025	08:30:00	0,0	0,0	0,0	0	0,0	0	141	0,0	0	0	0	0,0	0,0	0	0	0	0	0	0	0
12.09.2025	09:00:00	0,0	0,0	0,0	0	0,0	0	211	0,0	0	0	0	0,0	0,0	0	0	0	0	0	0	0
12.09.2025	09:30:00	0,0	0,0	0,0	0	0,0	0	278	0,0	0	0	0	0,0	0,0	0	0	0	0	0	0	0
12.09.2025	10:00:00	0,0	0,0	0,0	0	0,0	0	387	0,0	0	0	0	0,0	0,0	0	0	0	0	0	0	0
12.09.2025	10:30:00	0,0	0,0	0,0	0	0,0	0	205	0,0	0	0	0	0,0	0,0	0	0	0	0	0	0	0
12.09.2025	11:00:00	0,0	0,0	0,0	0	0,0	0	547	0,0	0	0	0	0,0	0,0	0	0	0	0	0	0	0
12.09.2025	11:30:00	0,0	0,0	0,0	0	0,0	0	678	0,0	0	0	0	0,0	0,0	0	0	0	0	0	0	0
12.09.2025	12:00:00	0,0	0,0	0,0	0	0,0	0	286	0,0	0	0	0	0,0	0,0	0	0	0	0	0	0	0
12.09.2025	12:30:00	0,0	0,0	0,0	0	0,0	0	152	0,0	0	0	0	0,0	0,0	0	0	0	0	0	0	0
12.09.2025	13:00:00	0,0	0,0	0,0	0	0,0	0	188	0,0	0	0	0	0,0	0,0	0	0	0	0	0	0	0
12.09.2025	13:30:00	0,0	0,0	0,0	0	0,0	0	694	0,0	0	0	0	0,0	0,0	0	0	0	0	0	0	0
12.09.2025	14:00:00	0,0	0,0	0,0	0	0,0	0	312	0,0	0	0	0	0,0	0,0	0	0	0	0	0	0	0
12.09.2025	14:30:00	0,0	0,0	0,0	0	0,0	0	747	0,0	0	0	0	0,0	0,0	0	0	0	0	0	0	0
12.09.2025	15:00:00	0,0	0,0	0,0	0	0,0	0	89	0,0	0	0	0	0,0	0,0	0	0	0	0	0	0	0
12.09.2025	15:30:00	0,0	0,0	0,0	0	0,0	0	150	0,0	0	0	0	0,0	0,0	0	0	0	0	0	0	0
12.09.2025	16:00:00	0,0	0,0	0,0	0	0,0	0	14	0,0	0	0	0	0,0	0,0	0	0	0	0	0	0	0
12.09.2025	16:30:00	0,0	0,0	0,0	0	0,0	0	21	0,0	0	0	0	0,0	0,0	0	0	0	0	0	0	0
12.09.2025	17:00:00	0,0	0,0	0,0	0	0,0	0	33	0,0	0	0	0	0,0	0,0	0	0	0	0	0	0	0
12.09.2025	17:30:00	0,0	0,0	0,0	0	0,0	0	41	0,0	0	0	0	0,0	0,0	0	0	0	0	0	0	0
12.09.2025	18:00:00	0,0	0,0	0,0	0	0,0	0	62	0,0	0	0	0	0,0	0,0	0	0	0	0	0	0	0
12.09.2025	18:30:00	0,0	0,0	0,0	0	0,0	0	202	0,0	0	0	0	0,0	0,0	0	0	0	0	0	0	0
12.09.2025	19:00:00	0,0	0,0	0,0	0	0,0	0	148	0,0	0	0	0	0,0	0,0	0	0	0	0	0	0	0
12.09.2025	19:30:00	0,0	0,0	0,0	0	0,0	0	12	0,0	0	0	0	0,0	0,0	0	0	0	0	0	0	0
12.09.2025	20:00:00	0,0	0,0	0,0	0	0,0	0	2	0,0	0	0	0	0,0	0,0	0	0	0	0	0	0	0
12.09.2025	20:30:00	0,0	0,0	0,0	0	0,0	0	0	0,0	0	0	0	0,0	0,0	0	0	0	0	0	0	0
12.09.2025	21:00:00	0,0	0,0	0,0	0	0,0	0	0	0,0	0	0	0	0,0	0,0	0	0	0	0	0	0	0
12.09.2025	21:30:00	0,0	0,0	0,0	0	0,0	0	0	0,0	0	0	0	0,0	0,0	0	0	0	0	0	0	0
12.09.2025	22:00:00	0,0	0,0	0,0	0	0,0	0	0	0,0	0	0	0	0,0	0,0	0	0	0	0	0	0	0
12.09.2025	22:30:00	0,0	0,0	0,0	0	0,0	0	0	0,0	0	0	0	0,0	0,0	0	0	0	0	0	0	0
12.09.2025	23:00:00	0,0	0,0	0,0	0	0,0	0	0	0,0	0	0	0	0,0	0,0	0	0	0	0	0	0	0
12.09.2025	23:30:00	0,0	0,0	0,0	0	0,0	0	0	0,0	0	0	0	0,0	0,0	0	0	0	0	0	0	0
13.09.2025	00:00:00	0,0	0,0	0,0	0	0,0	0	0	0,0	0	0	0	0,0	0,0	0	0	0	0	0	0	0
13.09.2025	00:30:00	0,0	0,0	0,0	0	0,0	0	0	0,0	0	0	0	0,0	0,0	0	0	0	0	0	0	0
13.09.2025	01:00:00	0,0	0,0	0,0	0	0,0	0	0	0,0	0	0	0	0,0	0,0	0	0	0	0	0	0	0
13.09.2025	01:30:00	0,0	0,0	0,0	0	0,0	0	0	0,0	0	0	0	0,0	0,0	0	0	0	0	0	0	0
13.09.2025	02:00:00	0,0	0,0	0,0	0	0,0	0	0	0,0	0	0	0	0,0	0,0	0	0	0	0	0	0	0
13.09.2025	02:30:00	0,0	0,0	0,0	0	0,0	0	0	0,0	0	0	0	0,0	0,0	0	0	0	0	0	0	0
13.09.2025	03:00:00	0,0	0,0	0,0	0	0,0	0	0	0,0	0	0	0	0,0	0,0	0	0	0	0	0	0	0
13.09.2025	03:30:00	0,0	0,0	0,0	0	0,0	0	0	0,0	0	0	0	0,0	0,0	0	0	0	0	0	0	0
13.09.2025	04:00:00	0,0	0,0	0,0	0	0,0	0	0	0,0	0	0	0	0,0	0,0	0	0	0	0	0	0	0
13.09.2025	04:30:00	0,0	0,0	0,0	0	0,0	0	0	0,0	0	0	0	0,0	0,0	0	0	0	0	0	0	0
13.09.2025	05:00:00	0,0	0,0	0,0	0	0,0	0	0	0,0	0	0	0	0,0	0,0	0	0	0	0	0	0	0
13.09.2025	05:30:00	0,0	0,0	0,0	0	0,0	0	0	0,0	0	0	0	0,0	0,0	0	0	0	0	0	0	0
13.09.2025	06:00:00	0,0	0,0	0,0	0	0,0	0	0	0,0	0	0	0	0,0	0,0	0	0	0	0	0	0	0
13.09.2025	06:30:00	0,0	0,0	0,0	0	0,0	0	0	0,0	0	0	0	0,0	0,0	0	0	0	0	0	0	0
13.09.2025	07:00:00	0,0	0,0	0,0	0	0,0	0	1	0,0	0	0	0	0,0	0,0	0	0	0	0	0	0	0
13.09.2025	07:30:00	0,0	0,0	0,0	0	0,0	0	26	0,0	0	0	0	0,0	0,0	0	0	0	0	0	0	0
13.09.2025	08:00:00	0,0	0,0	0,0	0	0,0	0	46	0,0	0	0	0	0,0	0,0	0	0	0	0	0	0	0
13.09.2025	08:30:00	0,0	0,0	0,0	0	0,0	0	87	0,0	0	0	0	0,0	0,0	0	0	0	0	0	0	0
13.09.2025	09:00:00	0,0	0,0	0,0	0	0,0	0	72	0,0	0	0	0	0,0	0,0	0	0	0	0	0	0	0
13.09.2025	09:30:00	0,0	0,0	0,0	0	0,0	0	39	0,0	0	0	0	0,0	0,0	0	0	0	0	0	0	0
13.09.2025	10:00:00	0,0	0,0	0,0	0	0,0	0	80	0,0	0	0	0	0,0	0,0	0	0	0	0	0	0	0
13.09.2025	10:30:00	0,0	0,0	0,0	0	0,0	0	87	0,0	0	0	0	0,0	0,0	0	0	0	0	0	0	0
13.09.2025	11:00:00	0,0	0,0	0,0	0	0,0	0	222	0,0	0	0	0	0,0	0,0	0	0	0	0	0	0	0
13.09.2025	11:30:00	0,0	0,0	0,0	0	0,0	0	344	0,0	0	0	0	0,0	0,0	0	0	0	0	0	0	0
13.09.2025	12:00:00	0,0	0,0	0,0	0	0,0	0	215	0,0	0	0	0	0,0	0,0	0	0	0	0	0	0	0
13.09.2025	12:30:00	0,0	0,0	0,0	0	0,0	0	453	0,0	0	0	0	0,0	0,0	0	0	0	0	0	0	0
13.09.2025	13:00:00	0,0	0,0	0,0	0	0,0	0	356	0,0	0	0	0	0,0	0,0	0	0	0	0	0	0	0
13.09.2025	13:30:00	0,0	0,0	0,0	0	0,0	0	201	0,0	0	0	0	0,0	0,0	0	0	0	0	0	0	0
13.09.2025	14:00:00	0,0	0,0	0,0	0	0,0	0	289	0,0	0	0	0	0,0	0,0	0	0	0	0	0	0	0
13.09.2025	14:30:00	0,0	0,0	0,0	0	0,0	0	739	0,0	0	0	0	0,0	0,0	0	0	0	0	0	0	0
13.09.2025	15:00:00	0,0	0,0	0,0	0	0,0	0	237	0,0	0	0	0	0,0	0,0	0	0	0	0	0	0	0
13.09.2025	15:30:00	0,0	0,0	0,0	0	0,0	0	305	0,0	0	0	0	0,0	0,0	0	0	0	0	0	0	0
13.09.2025	16:00:00	0,0	0,0	0,0	0	0,0	0	448	0,0	0	0	0	0,0	0,0	0	0	0	0	0	0	0
13.09.2025	16:30:00	0,0	0,0	0,0	0	0,0	0	175	0,0	0	0	0	0,0	0,0	0	0	0	0	0	0	0
13.09.2025	17:00:00	0,0	0,0	0,0	0	0,0	0	362	0,0	0	0	0	0,0	0,0	0	0	0	0	0	0	0
13.09.2025	17:30:00	0,0	0,0	0,0	0	0,0	0	137	0,0	0	0	0	0,0	0,0	0	0	0	0	0	0	0
13.09.2025	18:00:00	0,0	0,0	0,0	0	0,0	0	22	0,0	0	0	0	0,0	0,0	0	0	0	0	0	0	0
13.09.2025	18:30:00	0,0	0,0	0,0	0	0,0	0	29	0,0	0	0	0	0,0	0,0	0	0	0	0	0	0	0
13.09.2025	19:00:00	0,0	0,0	0,0	0	0,0	0	2	0,0	0	0	0	0,0	0,0	0	0	0	0	0	0	0
13.09.2025	19:30:00	0,0	0,0	0,0	0	0,0	0	12	0,0	0	0	0	0,0	0,0	0	0	0	0	0	0	0
13.09.2025	20:00:00	0,0	0,0	0,0	0	0,0	0	0	0,0	0	0	0	0,0	0,0	0	0	0	0	0	0	0
13.09.2025	20:30:00	0,0	0,0	0,0	0	0,0	0	0	0,0	0	0	0	0,0	0,0	0	0	0	0	0	0	0
13.09.2025	21:00:00	0,0	0,0	0,0	0	0,0	0	0	0,0	0	0	0	0,0	0,0	0	0	0	0	0	0	0
13.09.2025	21:30:00	0,0	0,0	0,0	0	0,0	0	0	0,0	0	0	0	0,0	0,0	0	0	0	0	0	0	0
13.09.2025	22:00:00	0,0	0,0	0,0	0	0,0	0	0	0,0	0	0	0	0,0	0,0	0	0	0	0	0	0	0
13.09.2025	22:30:00	0,0	0,0	0,0	0	0,0	0	0	0,0	0	0	0	0,0	0,0	0	0	0	0	0	0	0
13.09.2025	23:00:00	0,0	0,0	0,0	0	0,0	0	0	0,0	0	0	0	0,0	0,0	0	0	0	0	0	0	0
13.09.2025	23:30:00	0,0	0,0	0,0	0	0,0	0	0	0,0	0	0	0	0,0	0,0	0	0	0	0	0	0	0
14.09.2025	00:00:00	0,0	0,0	0,0	0	0,0	0	0	0,0	0	0	0	0,0	0,0	0	0	0	0	0	0	0
14.09.2025	00:30:00	0,0	0,0	0,0	0	0,0	0	0	0,0	0	0	0	0,0	0,0	0	0	0	0	0	0	0
14.09.2025	01:00:00	0,0	0,0	0,0	0	0,0	0	0	0,0	0	0	0	0,0	0,0	0	0	0	0	0	0	0
14.09.2025	01:30:00	0,0	0,0	0,0	0	0,0	0	0	0,0	0	0	0	0,0	0,0	0	0	0	0	0	0	0
14.09.2025	02:00:00	0,0	0,0	0,0	0	0,0	0	0	0,0	0	0	0	0,0	0,0	0	0	0	0	0	0	0
14.09.2025	02:30:00	0,0	0,0	0,0	0	0,0	0	0	0,0	0	0	0	0,0	0,0	0	0	0	0	0	0	0
14.09.2025	03:00:00	0,0	0,0	0,0	0	0,0	0	0	0,0	0	0	0	0,0	0,0	0	0	0	0	0	0	0
14.09.2025	03:30:00	0,0	0,0	0,0	0	0,0	0	0	0,0	0	0	0	0,0	0,0	0	0	0	0	0	0	0
14.09.2025	04:00:00	0,0	0,0	0,0	0	0,0	0	0	0,0	0	0	0	0,0	0,0	0	0	0	0	0	0	0
14.09.2025	04:30:00	0,0	0,0	0,0	0	0,0	0	0	0,0	0	0	0	0,0	0,0	0	0	0	0	0	0	0
14.09.2025	05:00:00	0,0	0,0	0,0	0	0,0	0	0	0,0	0	0	0	0,0	0,0	0	0	0	0	0	0	0
14.09.2025	05:30:00	0,0	0,0	0,0	0	0,0	0	0	0,0	0	0	0	0,0	0,0	0	0	0	0	0	0	0
14.09.2025	06:00:00	0,0	0,0	0,0	0	0,0	0	0	0,0	0	0	0	0,0	0,0	0	0	0	0	0	0	0
14.09.2025	06:30:00	0,0	0,0	0,0	0	0,0	0	0	0,0	0	0	0	0,0	0,0	0	0	0	0	0	0	0
14.09.2025	07:00:00	0,0	0,0	0,0	0	0,0	0	0	0,0	0	0	0	0,0	0,0	0	0	0	0	0	0	0
14.09.2025	07:30:00	0,0	0,0	0,0	0	0,0	0	9	0,0	0	0	0	0,0	0,0	0	0	0	0	0	0	0
14.09.2025	08:00:00	0,0	0,0	0,0	0	0,0	0	43	0,0	0	0	0	0,0	0,0	0	0	0	0	0	0	0
14.09.2025	08:30:00	0,0	0,0	0,0	0	0,0	0	133	0,0	0	0	0	0,0	0,0	0	0	0	0	0	0	0
14.09.2025	09:00:00	0,0	0,0	0,0	0	0,0	0	83	0,0	0	0	0	0,0	0,0	0	0	0	0	0	0	0
14.09.2025	09:30:00	0,0	0,0	0,0	0	0,0	0	362	0,0	0	0	0	0,0	0,0	0	0	0	0	0	0	0
14.09.2025	10:00:00	0,0	0,0	0,0	0	0,0	0	417	0,0	0	0	0	0,0	0,0	0	0	0	0	0	0	0
14.09.2025	10:30:00	0,0	0,0	0,0	0	0,0	0	81	0,0	0	0	0	0,0	0,0	0	0	0	0	0	0	0
14.09.2025	11:00:00	0,0	0,0	0,0	0	0,0	0	494	0,0	0	0	0	0,0	0,0	0	0	0	0	0	0	0
14.09.2025	11:30:00	0,0	0,0	0,0	0	0,0	0	560	0,0	0	0	0	0,0	0,0	0	0	0	0	0	0	0
14.09.2025	12:00:00	0,0	0,0	0,0	0	0,0	0	617	0,0	0	0	0	0,0	0,0	0	0	0	0	0	0	0
14.09.2025	12:30:00	0,0	0,0	0,0	0	0,0	0	751	0,0	0	0	0	0,0	0,0	0	0	0	0	0	0	0
14.09.2025	13:00:00	0,0	0,0	0,0	0	0,0	0	169	0,0	0	0	0	0,0	0,0	0	0	0	0	0	0	0
14.09.2025	13:30:00	0,0	0,0	0,0	0	0,0	0	721	0,0	0	0	0	0,0	0,0	0	0	0	0	0	0	0
14.09.2025	14:00:00	0,0	0,0	0,0	0	0,0	0	416	0,0	0	0	0	0,0	0,0	0	0	0	0	0	0	0
14.09.2025	14:30:00	0,0	0,0	0,0	0	0,0	0	106	0,0	0	0	0	0,0	0,0	0	0	0	0	0	0	0
14.09.2025	15:00:00	0,0	0,0	0,0	0	0,0	0	235	0,0	0	0	0	0,0	0,0	0	0	0	0	0	0	0
14.09.2025	15:30:00	0,0	0,0	0,0	0	0,0	0	93	0,0	0	0	0	0,0	0,0	0	0	0	0	0	0	0
14.09.2025	16:00:00	0,0	0,0	0,0	0	0,0	0	581	0,0	0	0	0	0,0	0,0	0	0	0	0	0	0	0
14.09.2025	16:30:00	0,0	0,0	0,0	0	0,0	0	196	0,0	0	0	0	0,0	0,0	0	0	0	0	0	0	0
14.09.2025	17:00:00	0,0	0,0	0,0	0	0,0	0	84	0,0	0	0	0	0,0	0,0	0	0	0	0	0	0	0
14.09.2025	17:30:00	0,0	0,0	0,0	0	0,0	0	137	0,0	0	0	0	0,0	0,0	0	0	0	0	0	0	0
14.09.2025	18:00:00	0,0	0,0	0,0	0	0,0	0	110	0,0	0	0	0	0,0	0,0	0	0	0	0	0	0	0
14.09.2025	18:30:00	0,0	0,0	0,0	0	0,0	0	83	0,0	0	0	0	0,0	0,0	0	0	0	0	0	0	0
14.09.2025	19:00:00	0,0	0,0	0,0	0	0,0	0	29	0,0	0	0	0	0,0	0,0	0	0	0	0	0	0	0
14.09.2025	19:30:00	0,0	0,0	0,0	0	0,0	0	15	0,0	0	0	0	0,0	0,0	0	0	0	0	0	0	0
14.09.2025	20:00:00	0,0	0,0	0,0	0	0,0	0	0	0,0	0	0	0	0,0	0,0	0	0	0	0	0	0	0
14.09.2025	20:30:00	0,0	0,0	0,0	0	0,0	0	0	0,0	0	0	0	0,0	0,0	0	0	0	0	0	0	0
14.09.2025	21:00:00	0,0	0,0	0,0	0	0,0	0	0	0,0	0	0	0	0,0	0,0	0	0	0	0	0	0	0
14.09.2025	21:30:00	0,0	0,0	0,0	0	0,0	0	0	0,0	0	0	0	0,0	0,0	0	0	0	0	0	0	0
14.09.2025	22:00:00	0,0	0,0	0,0	0	0,0	0	0	0,0	0	0	0	0,0	0,0	0	0	0	0	0	0	0
14.09.2025	22:30:00	0,0	0,0	0,0	0	0,0	0	0	0,0	0	0	0	0,0	0,0	0	0	0	0	0	0	0
14.09.2025	23:00:00	0,0	0,0	0,0	0	0,0	0	0	0,0	0	0	0	0,0	0,0	0	0	0	0	0	0	0
14.09.2025	23:30:00	0,0	0,0	0,0	0	0,0	0	0	0,0	0	0	0	0,0	0,0	0	0	0	0	0	0	0
15.09.2025	00:00:00	0,0	0,0	0,0	0	0,0	0	0	0,0	0	0	0	0,0	0,0	0	0	0	0	0	0	0
15.09.2025	00:30:00	0,0	0,0	0,0	0	0,0	0	0	0,0	0	0	0	0,0	0,0	0	0	0	0	0	0	0
15.09.2025	01:00:00	0,0	0,0	0,0	0	0,0	0	0	0,0	0	0	0	0,0	0,0	0	0	0	0	0	0	0
15.09.2025	01:30:00	0,0	0,0	0,0	0	0,0	0	0	0,0	0	0	0	0,0	0,0	0	0	0	0	0	0	0
15.09.2025	02:00:00	0,0	0,0	0,0	0	0,0	0	0	0,0	0	0	0	0,0	0,0	0	0	0	0	0	0	0
15.09.2025	02:30:00	0,0	0,0	0,0	0	0,0	0	0	0,0	0	0	0	0,0	0,0	0	0	0	0	0	0	0
15.09.2025	03:00:00	0,0	0,0	0,0	0	0,0	0	0	0,0	0	0	0	0,0	0,0	0	0	0	0	0	0	0
15.09.2025	03:30:00	0,0	0,0	0,0	0	0,0	0	0	0,0	0	0	0	0,0	0,0	0	0	0	0	0	0	0
15.09.2025	04:00:00	0,0	0,0	0,0	0	0,0	0	0	0,0	0	0	0	0,0	0,0	0	0	0	0	0	0	0
15.09.2025	04:30:00	0,0	0,0	0,0	0	0,0	0	0	0,0	0	0	0	0,0	0,0	0	0	0	0	0	0	0
15.09.2025	05:00:00	0,0	0,0	0,0	0	0,0	0	0	0,0	0	0	0	0,0	0,0	0	0	0	0	0	0	0
15.09.2025	05:30:00	0,0	0,0	0,0	0	0,0	0	0	0,0	0	0	0	0,0	0,0	0	0	0	0	0	0	0
15.09.2025	06:00:00	0,0	0,0	0,0	0	0,0	0	0	0,0	0	0	0	0,0	0,0	0	0	0	0	0	0	0
15.09.2025	06:30:00	0,0	0,0	0,0	0	0,0	0	0	0,0	0	0	0	0,0	0,0	0	0	0	0	0	0	0
15.09.2025	07:00:00	0,0	0,0	0,0	0	0,0	0	0	0,0	0	0	0	0,0	0,0	0	0	0	0	0	0	0
15.09.2025	07:30:00	0,0	0,0	0,0	0	0,0	0	15	0,0	0	0	0	0,0	0,0	0	0	0	0	0	0	0
15.09.2025	08:00:00	0,0	0,0	0,0	0	0,0	0	35	0,0	0	0	0	0,0	0,0	0	0	0	0	0	0	0
15.09.2025	08:30:00	0,0	0,0	0,0	0	0,0	0	121	0,0	0	0	0	0,0	0,0	0	0	0	0	0	0	0
15.09.2025	09:00:00	0,0	0,0	0,0	0	0,0	0	117	0,0	0	0	0	0,0	0,0	0	0	0	0	0	0	0
15.09.2025	09:30:00	0,0	0,0	0,0	0	0,0	0	332	0,0	0	0	0	0,0	0,0	0	0	0	0	0	0	0
15.09.2025	10:00:00	0,0	0,0	0,0	0	0,0	0	142	0,0	0	0	0	0,0	0,0	0	0	0	0	0	0	0
15.09.2025	10:30:00	0,0	0,0	0,0	0	0,0	0	320	0,0	0	0	0	0,0	0,0	0	0	0	0	0	0	0
15.09.2025	11:00:00	0,0	0,0	0,0	0	0,0	0	198	0,0	0	0	0	0,0	0,0	0	0	0	0	0	0	0
15.09.2025	11:30:00	0,0	0,0	0,0	0	0,0	0	726	0,0	0	0	0	0,0	0,0	0	0	0	0	0	0	0
15.09.2025	12:00:00	0,0	0,0	0,0	0	0,0	0	840	0,0	0	0	0	0,0	0,0	0	0	0	0	0	0	0
15.09.2025	12:30:00	0,0	0,0	0,0	0	0,0	0	397	0,0	0	0	0	0,0	0,0	0	0	0	0	0	0	0
15.09.2025	13:00:00	0,0	0,0	0,0	0	0,0	0	707	0,0	0	0	0	0,0	0,0	0	0	0	0	0	0	0
15.09.2025	13:30:00	0,0	0,0	0,0	0	0,0	0	276	0,0	0	0	0	0,0	0,0	0	0	0	0	0	0	0
15.09.2025	14:00:00	0,0	0,0	0,0	0	0,0	0	654	0,0	0	0	0	0,0	0,0	0	0	0	0	0	0	0
15.09.2025	14:30:00	0,0	0,0	0,0	0	0,0	0	801	0,0	0	0	0	0,0	0,0	0	0	0	0	0	0	0
15.09.2025	15:00:00	0,0	0,0	0,0	0	0,0	0	143	0,0	0	0	0	0,0	0,0	0	0	0	0	0	0	0
15.09.2025	15:30:00	0,0	0,0	0,0	0	0,0	0	183	0,0	0	0	0	0,0	0,0	0	0	0	0	0	0	0
15.09.2025	16:00:00	0,0	0,0	0,0	0	0,0	0	491	0,0	0	0	0	0,0	0,0	0	0	0	0	0	0	0
15.09.2025	16:30:00	0,0	0,0	0,0	0	0,0	0	217	0,0	0	0	0	0,0	0,0	0	0	0	0	0	0	0
15.09.2025	17:00:00	0,0	0,0	0,0	0	0,0	0	89	0,0	0	0	0	0,0	0,0	0	0	0	0	0	0	0
15.09.2025	17:30:00	0,0	0,0	0,0	0	0,0	0	181	0,0	0	0	0	0,0	0,0	0	0	0	0	0	0	0
15.09.2025	18:00:00	0,0	0,0	0,0	0	0,0	0	57	0,0	0	0	0	0,0	0,0	0	0	0	0	0	0	0
15.09.2025	18:30:00	0,0	0,0	0,0	0	0,0	0	37	0,0	0	0	0	0,0	0,0	0	0	0	0	0	0	0
15.09.2025	19:00:00	0,0	0,0	0,0	0	0,0	0	22	0,0	0	0	0	0,0	0,0	0	0	0	0	0	0	0
15.09.2025	19:30:00	0,0	0,0	0,0	0	0,0	0	9	0,0	0	0	0	0,0	0,0	0	0	0	0	0	0	0
15.09.2025	20:00:00	0,0	0,0	0,0	0	0,0	0	0	0,0	0	0	0	0,0	0,0	0	0	0	0	0	0	0
15.09.2025	20:30:00	0,0	0,0	0,0	0	0,0	0	0	0,0	0	0	0	0,0	0,0	0	0	0	0	0	0	0
15.09.2025	21:00:00	0,0	0,0	0,0	0	0,0	0	0	0,0	0	0	0	0,0	0,0	0	0	0	0	0	0	0
15.09.2025	21:30:00	0,0	0,0	0,0	0	0,0	0	0	0,0	0	0	0	0,0	0,0	0	0	0	0	0	0	0
15.09.2025	22:00:00	0,0	0,0	0,0	0	0,0	0	0	0,0	0	0	0	0,0	0,0	0	0	0	0	0	0	0
15.09.2025	22:30:00	0,0	0,0	0,0	0	0,0	0	0	0,0	0	0	0	0,0	0,0	0	0	0	0	0	0	0
15.09.2025	23:00:00	0,0	0,0	0,0	0	0,0	0	0	0,0	0	0	0	0,0	0,0	0	0	0	0	0	0	0
15.09.2025	23:30:00	0,0	0,0	0,0	0	0,0	0	0	0,0	0	0	0	0,0	0,0	0	0	0	0	0	0	0
16.09.2025	00:00:00	0,0	0,0	0,0	0	0,0	0	0	0,0	0	0	0	0,0	0,0	0	0	0	0	0	0	0
16.09.2025	00:30:00	0,0	0,0	0,0	0	0,0	0	0	0,0	0	0	0	0,0	0,0	0	0	0	0	0	0	0
16.09.2025	01:00:00	0,0	0,0	0,0	0	0,0	0	0	0,0	0	0	0	0,0	0,0	0	0	0	0	0	0	0
16.09.2025	01:30:00	0,0	0,0	0,0	0	0,0	0	0	0,0	0	0	0	0,0	0,0	0	0	0	0	0	0	0
16.09.2025	02:00:00	0,0	0,0	0,0	0	0,0	0	0	0,0	0	0	0	0,0	0,0	0	0	0	0	0	0	0
16.09.2025	02:30:00	0,0	0,0	0,0	0	0,0	0	0	0,0	0	0	0	0,0	0,0	0	0	0	0	0	0	0
16.09.2025	03:00:00	0,0	0,0	0,0	0	0,0	0	0	0,0	0	0	0	0,0	0,0	0	0	0	0	0	0	0
16.09.2025	03:30:00	0,0	0,0	0,0	0	0,0	0	0	0,0	0	0	0	0,0	0,0	0	0	0	0	0	0	0
16.09.2025	04:00:00	0,0	0,0	0,0	0	0,0	0	0	0,0	0	0	0	0,0	0,0	0	0	0	0	0	0	0
16.09.2025	04:30:00	0,0	0,0	0,0	0	0,0	0	0	0,0	0	0	0	0,0	0,0	0	0	0	0	0	0	0
16.09.2025	05:00:00	0,0	0,0	0,0	0	0,0	0	0	0,0	0	0	0	0,0	0,0	0	0	0	0	0	0	0
16.09.2025	05:30:00	0,0	0,0	0,0	0	0,0	0	0	0,0	0	0	0	0,0	0,0	0	0	0	0	0	0	0
16.09.2025	06:00:00	0,0	0,0	0,0	0	0,0	0	0	0,0	0	0	0	0,0	0,0	0	0	0	0	0	0	0
16.09.2025	06:30:00	0,0	0,0	0,0	0	0,0	0	0	0,0	0	0	0	0,0	0,0	0	0	0	0	0	0	0
16.09.2025	07:00:00	0,0	0,0	0,0	0	0,0	0	0	0,0	0	0	0	0,0	0,0	0	0	0	0	0	0	0
16.09.2025	07:30:00	0,0	0,0	0,0	0	0,0	0	16	0,0	0	0	0	0,0	0,0	0	0	0	0	0	0	0
16.09.2025	08:00:00	0,0	0,0	0,0	0	0,0	0	22	0,0	0	0	0	0,0	0,0	0	0	0	0	0	0	0
16.09.2025	08:30:00	0,0	0,0	0,0	0	0,0	0	36	0,0	0	0	0	0,0	0,0	0	0	0	0	0	0	0
16.09.2025	09:00:00	0,0	0,0	0,0	0	0,0	0	36	0,0	0	0	0	0,0	0,0	0	0	0	0	0	0	0
16.09.2025	09:30:00	0,0	0,0	0,0	0	0,0	0	90	0,0	0	0	0	0,0	0,0	0	0	0	0	0	0	0
16.09.2025	10:00:00	0,0	0,0	0,0	0	0,0	0	120	0,0	0	0	0	0,0	0,0	0	0	0	0	0	0	0
16.09.2025	10:30:00	0,0	0,0	0,0	0	0,0	0	148	0,0	0	0	0	0,0	0,0	0	0	0	0	0	0	0
16.09.2025	11:00:00	0,0	0,0	0,0	0	0,0	0	164	0,0	0	0	0	0,0	0,0	0	0	0	0	0	0	0
16.09.2025	11:30:00	0,0	0,0	0,0	0	0,0	0	357	0,0	0	0	0	0,0	0,0	0	0	0	0	0	0	0
16.09.2025	12:00:00	0,0	0,0	0,0	0	0,0	0	242	0,0	0	0	0	0,0	0,0	0	0	0	0	0	0	0
16.09.2025	12:30:00	0,0	0,0	0,0	0	0,0	0	312	0,0	0	0	0	0,0	0,0	0	0	0	0	0	0	0
16.09.2025	13:00:00	0,0	0,0	0,0	0	0,0	0	800	0,0	0	0	0	0,0	0,0	0	0	0	0	0	0	0
16.09.2025	13:30:00	0,0	0,0	0,0	0	0,0	0	834	0,0	0	0	0	0,0	0,0	0	0	0	0	0	0	0
16.09.2025	14:00:00	0,0	0,0	0,0	0	0,0	0	239	0,0	0	0	0	0,0	0,0	0	0	0	0	0	0	0
16.09.2025	14:30:00	0,0	0,0	0,0	0	0,0	0	78	0,0	0	0	0	0,0	0,0	0	0	0	0	0	0	0
16.09.2025	15:00:00	0,0	0,0	0,0	0	0,0	0	300	0,0	0	0	0	0,0	0,0	0	0	0	0	0	0	0
16.09.2025	15:30:00	0,0	0,0	0,0	0	0,0	0	316	0,0	0	0	0	0,0	0,0	0	0	0	0	0	0	0
16.09.2025	16:00:00	0,0	0,0	0,0	0	0,0	0	85	0,0	0	0	0	0,0	0,0	0	0	0	0	0	0	0
16.09.2025	16:30:00	0,0	0,0	0,0	0	0,0	0	119	0,0	0	0	0	0,0	0,0	0	0	0	0	0	0	0
16.09.2025	17:00:00	0,0	0,0	0,0	0	0,0	0	38	0,0	0	0	0	0,0	0,0	0	0	0	0	0	0	0
16.09.2025	17:30:00	0,0	0,0	0,0	0	0,0	0	166	0,0	0	0	0	0,0	0,0	0	0	0	0	0	0	0
16.09.2025	18:00:00	0,0	0,0	0,0	0	0,0	0	58	0,0	0	0	0	0,0	0,0	0	0	0	0	0	0	0
16.09.2025	18:30:00	0,0	0,0	0,0	0	0,0	0	51	0,0	0	0	0	0,0	0,0	0	0	0	0	0	0	0
16.09.2025	19:00:00	0,0	0,0	0,0	0	0,0	0	78	0,0	0	0	0	0,0	0,0	0	0	0	0	0	0	0
16.09.2025	19:30:00	0,0	0,0	0,0	0	0,0	0	5	0,0	0	0	0	0,0	0,0	0	0	0	0	0	0	0
16.09.2025	20:00:00	0,0	0,0	0,0	0	0,0	0	0	0,0	0	0	0	0,0	0,0	0	0	0	0	0	0	0
16.09.2025	20:30:00	0,0	0,0	0,0	0	0,0	0	0	0,0	0	0	0	0,0	0,0	0	0	0	0	0	0	0
16.09.2025	21:00:00	0,0	0,0	0,0	0	0,0	0	0	0,0	0	0	0	0,0	0,0	0	0	0	0	0	0	0
16.09.2025	21:30:00	0,0	0,0	0,0	0	0,0	0	0	0,0	0	0	0	0,0	0,0	0	0	0	0	0	0	0
16.09.2025	22:00:00	0,0	0,0	0,0	0	0,0	0	0	0,0	0	0	0	0,0	0,0	0	0	0	0	0	0	0
16.09.2025	22:30:00	0,0	0,0	0,0	0	0,0	0	0	0,0	0	0	0	0,0	0,0	0	0	0	0	0	0	0
16.09.2025	23:00:00	0,0	0,0	0,0	0	0,0	0	0	0,0	0	0	0	0,0	0,0	0	0	0	0	0	0	0
16.09.2025	23:30:00	0,0	0,0	0,0	0	0,0	0	0	0,0	0	0	0	0,0	0,0	0	0	0	0	0	0	0
17.09.2025	00:00:00	0,0	0,0	0,0	0	0,0	0	0	0,0	0	0	0	0,0	0,0	0	0	0	0	0	0	0
17.09.2025	00:30:00	0,0	0,0	0,0	0	0,0	0	0	0,0	0	0	0	0,0	0,0	0	0	0	0	0	0	0
17.09.2025	01:00:00	0,0	0,0	0,0	0	0,0	0	0	0,0	0	0	0	0,0	0,0	0	0	0	0	0	0	0
17.09.2025	01:30:00	0,0	0,0	0,0	0	0,0	0	0	0,0	0	0	0	0,0	0,0	0	0	0	0	0	0	0
17.09.2025	02:00:00	0,0	0,0	0,0	0	0,0	0	0	0,0	0	0	0	0,0	0,0	0	0	0	0	0	0	0
17.09.2025	02:30:00	0,0	0,0	0,0	0	0,0	0	0	0,0	0	0	0	0,0	0,0	0	0	0	0	0	0	0
17.09.2025	03:00:00	0,0	0,0	0,0	0	0,0	0	0	0,0	0	0	0	0,0	0,0	0	0	0	0	0	0	0
17.09.2025	03:30:00	0,0	0,0	0,0	0	0,0	0	0	0,0	0	0	0	0,0	0,0	0	0	0	0	0	0	0
17.09.2025	04:00:00	0,0	0,0	0,0	0	0,0	0	0	0,0	0	0	0	0,0	0,0	0	0	0	0	0	0	0
17.09.2025	04:30:00	0,0	0,0	0,0	0	0,0	0	0	0,0	0	0	0	0,0	0,0	0	0	0	0	0	0	0
17.09.2025	05:00:00	0,0	0,0	0,0	0	0,0	0	0	0,0	0	0	0	0,0	0,0	0	0	0	0	0	0	0
17.09.2025	05:30:00	0,0	0,0	0,0	0	0,0	0	0	0,0	0	0	0	0,0	0,0	0	0	0	0	0	0	0
17.09.2025	06:00:00	0,0	0,0	0,0	0	0,0	0	0	0,0	0	0	0	0,0	0,0	0	0	0	0	0	0	0
17.09.2025	06:30:00	0,0	0,0	0,0	0	0,0	0	0	0,0	0	0	0	0,0	0,0	0	0	0	0	0	0	0
17.09.2025	07:00:00	0,0	0,0	0,0	0	0,0	0	3	0,0	0	0	0	0,0	0,0	0	0	0	0	0	0	0
17.09.2025	07:30:00	0,0	0,0	0,0	0	0,0	0	26	0,0	0	0	0	0,0	0,0	0	0	0	0	0	0	0
17.09.2025	08:00:00	0,0	0,0	0,0	0	0,0	0	72	0,0	0	0	0	0,0	0,0	0	0	0	0	0	0	0
17.09.2025	08:30:00	0,0	0,0	0,0	0	0,0	0	106	0,0	0	0	0	0,0	0,0	0	0	0	0	0	0	0
17.09.2025	09:00:00	0,0	0,0	0,0	0	0,0	0	167	0,0	0	0	0	0,0	0,0	0	0	0	0	0	0	0
17.09.2025	09:30:00	0,0	0,0	0,0	0	0,0	0	159	0,0	0	0	0	0,0	0,0	0	0	0	0	0	0	0
17.09.2025	10:00:00	0,0	0,0	0,0	0	0,0	0	201	0,0	0	0	0	0,0	0,0	0	0	0	0	0	0	0
17.09.2025	10:30:00	0,0	0,0	0,0	0	0,0	0	384	0,0	0	0	0	0,0	0,0	0	0	0	0	0	0	0
17.09.2025	11:00:00	0,0	0,0	0,0	0	0,0	0	299	0,0	0	0	0	0,0	0,0	0	0	0	0	0	0	0
17.09.2025	11:30:00	0,0	0,0	0,0	0	0,0	0	332	0,0	0	0	0	0,0	0,0	0	0	0	0	0	0	0
17.09.2025	12:00:00	0,0	0,0	0,0	0	0,0	0	193	0,0	0	0	0	0,0	0,0	0	0	0	0	0	0	0
17.09.2025	12:30:00	0,0	0,0	0,0	0	0,0	0	443	0,0	0	0	0	0,0	0,0	0	0	0	0	0	0	0
17.09.2025	13:00:00	0,0	0,0	0,0	0	0,0	0	321	0,0	0	0	0	0,0	0,0	0	0	0	0	0	0	0
17.09.2025	13:30:00	0,0	0,0	0,0	0	0,0	0	361	0,0	0	0	0	0,0	0,0	0	0	0	0	0	0	0
17.09.2025	14:00:00	0,0	0,0	0,0	0	0,0	0	299	0,0	0	0	0	0,0	0,0	0	0	0	0	0	0	0
17.09.2025	14:30:00	0,0	0,0	0,0	0	0,0	0	183	0,0	0	0	0	0,0	0,0	0	0	0	0	0	0	0
17.09.2025	15:00:00	0,0	0,0	0,0	0	0,0	0	199	0,0	0	0	0	0,0	0,0	0	0	0	0	0	0	0
17.09.2025	15:30:00	0,0	0,0	0,0	0	0,0	0	106	0,0	0	0	0	0,0	0,0	0	0	0	0	0	0	0
17.09.2025	16:00:00	0,0	0,0	0,0	0	0,0	0	45	0,0	0	0	0	0,0	0,0	0	0	0	0	0	0	0
17.09.2025	16:30:00	0,0	0,0	0,0	0	0,0	0	152	0,0	0	0	0	0,0	0,0	0	0	0	0	0	0	0
17.09.2025	17:00:00	0,0	0,0	0,0	0	0,0	0	120	0,0	0	0	0	0,0	0,0	0	0	0	0	0	0	0
17.09.2025	17:30:00	0,0	0,0	0,0	0	0,0	0	68	0,0	0	0	0	0,0	0,0	0	0	0	0	0	0	0
17.09.2025	18:00:00	0,0	0,0	0,0	0	0,0	0	25	0,0	0	0	0	0,0	0,0	0	0	0	0	0	0	0
17.09.2025	18:30:00	0,0	0,0	0,0	0	0,0	0	18	0,0	0	0	0	0,0	0,0	0	0	0	0	0	0	0
17.09.2025	19:00:00	0,0	0,0	0,0	0	0,0	0	18	0,0	0	0	0	0,0	0,0	0	0	0	0	0	0	0
17.09.2025	19:30:00	0,0	0,0	0,0	0	0,0	0	1	0,0	0	0	0	0,0	0,0	0	0	0	0	0	0	0
17.09.2025	20:00:00	0,0	0,0	0,0	0	0,0	0	0	0,0	0	0	0	0,0	0,0	0	0	0	0	0	0	0
17.09.2025	20:30:00	0,0	0,0	0,0	0	0,0	0	0	0,0	0	0	0	0,0	0,0	0	0	0	0	0	0	0
17.09.2025	21:00:00	0,0	0,0	0,0	0	0,0	0	0	0,0	0	0	0	0,0	0,0	0	0	0	0	0	0	0
17.09.2025	21:30:00	0,0	0,0	0,0	0	0,0	0	0	0,0	0	0	0	0,0	0,0	0	0	0	0	0	0	0
17.09.2025	22:00:00	0,0	0,0	0,0	0	0,0	0	0	0,0	0	0	0	0,0	0,0	0	0	0	0	0	0	0
17.09.2025	22:30:00	0,0	0,0	0,0	0	0,0	0	0	0,0	0	0	0	0,0	0,0	0	0	0	0	0	0	0
17.09.2025	23:00:00	0,0	0,0	0,0	0	0,0	0	0	0,0	0	0	0	0,0	0,0	0	0	0	0	0	0	0
17.09.2025	23:30:00	0,0	0,0	0,0	0	0,0	0	0	0,0	0	0	0	0,0	0,0	0	0	0	0	0	0	0
18.09.2025	00:00:00	0,0	0,0	0,0	0	0,0	0	0	0,0	0	0	0	0,0	0,0	0	0	0	0	0	0	0
18.09.2025	00:30:00	0,0	0,0	0,0	0	0,0	0	0	0,0	0	0	0	0,0	0,0	0	0	0	0	0	0	0
18.09.2025	01:00:00	0,0	0,0	0,0	0	0,0	0	0	0,0	0	0	0	0,0	0,0	0	0	0	0	0	0	0
18.09.2025	01:30:00	0,0	0,0	0,0	0	0,0	0	0	0,0	0	0	0	0,0	0,0	0	0	0	0	0	0	0
18.09.2025	02:00:00	0,0	0,0	0,0	0	0,0	0	0	0,0	0	0	0	0,0	0,0	0	0	0	0	0	0	0
18.09.2025	02:30:00	0,0	0,0	0,0	0	0,0	0	0	0,0	0	0	0	0,0	0,0	0	0	0	0	0	0	0
18.09.2025	03:00:00	0,0	0,0	0,0	0	0,0	0	0	0,0	0	0	0	0,0	0,0	0	0	0	0	0	0	0
18.09.2025	03:30:00	0,0	0,0	0,0	0	0,0	0	0	0,0	0	0	0	0,0	0,0	0	0	0	0	0	0	0
18.09.2025	04:00:00	0,0	0,0	0,0	0	0,0	0	0	0,0	0	0	0	0,0	0,0	0	0	0	0	0	0	0
18.09.2025	04:30:00	0,0	0,0	0,0	0	0,0	0	0	0,0	0	0	0	0,0	0,0	0	0	0	0	0	0	0
18.09.2025	05:00:00	0,0	0,0	0,0	0	0,0	0	0	0,0	0	0	0	0,0	0,0	0	0	0	0	0	0	0
18.09.2025	05:30:00	0,0	0,0	0,0	0	0,0	0	0	0,0	0	0	0	0,0	0,0	0	0	0	0	0	0	0
18.09.2025	06:00:00	0,0	0,0	0,0	0	0,0	0	0	0,0	0	0	0	0,0	0,0	0	0	0	0	0	0	0
18.09.2025	06:30:00	0,0	0,0	0,0	0	0,0	0	0	0,0	0	0	0	0,0	0,0	0	0	0	0	0	0	0
18.09.2025	07:00:00	0,0	0,0	0,0	0	0,0	0	0	0,0	0	0	0	0,0	0,0	0	0	0	0	0	0	0
18.09.2025	07:30:00	0,0	0,0	0,0	0	0,0	0	2	0,0	0	0	0	0,0	0,0	0	0	0	0	0	0	0
18.09.2025	08:00:00	0,0	0,0	0,0	0	0,0	0	16	0,0	0	0	0	0,0	0,0	0	0	0	0	0	0	0
18.09.2025	08:30:00	0,0	0,0	0,0	0	0,0	0	20	0,0	0	0	0	0,0	0,0	0	0	0	0	0	0	0
18.09.2025	09:00:00	0,0	0,0	0,0	0	0,0	0	22	0,0	0	0	0	0,0	0,0	0	0	0	0	0	0	0
18.09.2025	09:30:00	0,0	0,0	0,0	0	0,0	0	54	0,0	0	0	0	0,0	0,0	0	0	0	0	0	0	0
18.09.2025	10:00:00	0,0	0,0	0,0	0	0,0	0	140	0,0	0	0	0	0,0	0,0	0	0	0	0	0	0	0
18.09.2025	10:30:00	0,0	0,0	0,0	0	0,0	0	100	0,0	0	0	0	0,0	0,0	0	0	0	0	0	0	0
18.09.2025	11:00:00	0,0	0,0	0,0	0	0,0	0	127	0,0	0	0	0	0,0	0,0	0	0	0	0	0	0	0
18.09.2025	11:30:00	0,0	0,0	0,0	0	0,0	0	120	0,0	0	0	0	0,0	0,0	0	0	0	0	0	0	0
18.09.2025	12:00:00	0,0	0,0	0,0	0	0,0	0	93	0,0	0	0	0	0,0	0,0	0	0	0	0	0	0	0
18.09.2025	12:30:00	0,0	0,0	0,0	0	0,0	0	140	0,0	0	0	0	0,0	0,0	0	0	0	0	0	0	0
18.09.2025	13:00:00	0,0	0,0	0,0	0	0,0	0	228	0,0	0	0	0	0,0	0,0	0	0	0	0	0	0	0
18.09.2025	13:30:00	0,0	0,0	0,0	0	0,0	0	147	0,0	0	0	0	0,0	0,0	0	0	0	0	0	0	0
18.09.2025	14:00:00	0,0	0,0	0,0	0	0,0	0	140	0,0	0	0	0	0,0	0,0	0	0	0	0	0	0	0
18.09.2025	14:30:00	0,0	0,0	0,0	0	0,0	0	188	0,0	0	0	0	0,0	0,0	0	0	0	0	0	0	0
18.09.2025	15:00:00	0,0	0,0	0,0	0	0,0	0	174	0,0	0	0	0	0,0	0,0	0	0	0	0	0	0	0
18.09.2025	15:30:00	0,0	0,0	0,0	0	0,0	0	66	0,0	0	0	0	0,0	0,0	0	0	0	0	0	0	0
18.09.2025	16:00:00	0,0	0,0	0,0	0	0,0	0	79	0,0	0	0	0	0,0	0,0	0	0	0	0	0	0	0
18.09.2025	16:30:00	0,0	0,0	0,0	0	0,0	0	66	0,0	0	0	0	0,0	0,0	0	0	0	0	0	0	0
18.09.2025	17:00:00	0,0	0,0	0,0	0	0,0	0	60	0,0	0	0	0	0,0	0,0	0	0	0	0	0	0	0
18.09.2025	17:30:00	0,0	0,0	0,0	0	0,0	0	46	0,0	0	0	0	0,0	0,0	0	0	0	0	0	0	0
18.09.2025	18:00:00	0,0	0,0	0,0	0	0,0	0	26	0,0	0	0	0	0,0	0,0	0	0	0	0	0	0	0
18.09.2025	18:30:00	0,0	0,0	0,0	0	0,0	0	19	0,0	0	0	0	0,0	0,0	0	0	0	0	0	0	0
18.09.2025	19:00:00	0,0	0,0	0,0	0	0,0	0	2	0,0	0	0	0	0,0	0,0	0	0	0	0	0	0	0
18.09.2025	19:30:00	0,0	0,0	0,0	0	0,0	0	0	0,0	0	0	0	0,0	0,0	0	0	0	0	0	0	0
18.09.2025	20:00:00	0,0	0,0	0,0	0	0,0	0	0	0,0	0	0	0	0,0	0,0	0	0	0	0	0	0	0
18.09.2025	20:30:00	0,0	0,0	0,0	0	0,0	0	0	0,0	0	0	0	0,0	0,0	0	0	0	0	0	0	0
18.09.2025	21:00:00	0,0	0,0	0,0	0	0,0	0	0	0,0	0	0	0	0,0	0,0	0	0	0	0	0	0	0
18.09.2025	21:30:00	0,0	0,0	0,0	0	0,0	0	0	0,0	0	0	0	0,0	0,0	0	0	0	0	0	0	0
18.09.2025	22:00:00	0,0	0,0	0,0	0	0,0	0	0	0,0	0	0	0	0,0	0,0	0	0	0	0	0	0	0
18.09.2025	22:30:00	0,0	0,0	0,0	0	0,0	0	0	0,0	0	0	0	0,0	0,0	0	0	0	0	0	0	0
18.09.2025	23:00:00	0,0	0,0	0,0	0	0,0	0	0	0,0	0	0	0	0,0	0,0	0	0	0	0	0	0	0
18.09.2025	23:30:00	0,0	0,0	0,0	0	0,0	0	0	0,0	0	0	0	0,0	0,0	0	0	0	0	0	0	0
19.09.2025	00:00:00	0,0	0,0	0,0	0	0,0	0	0	0,0	0	0	0	0,0	0,0	0	0	0	0	0	0	0
19.09.2025	00:30:00	0,0	0,0	0,0	0	0,0	0	0	0,0	0	0	0	0,0	0,0	0	0	0	0	0	0	0
19.09.2025	01:00:00	0,0	0,0	0,0	0	0,0	0	0	0,0	0	0	0	0,0	0,0	0	0	0	0	0	0	0
19.09.2025	01:30:00	0,0	0,0	0,0	0	0,0	0	0	0,0	0	0	0	0,0	0,0	0	0	0	0	0	0	0
19.09.2025	02:00:00	0,0	0,0	0,0	0	0,0	0	0	0,0	0	0	0	0,0	0,0	0	0	0	0	0	0	0
19.09.2025	02:30:00	0,0	0,0	0,0	0	0,0	0	0	0,0	0	0	0	0,0	0,0	0	0	0	0	0	0	0
19.09.2025	03:00:00	0,0	0,0	0,0	0	0,0	0	0	0,0	0	0	0	0,0	0,0	0	0	0	0	0	0	0
19.09.2025	03:30:00	0,0	0,0	0,0	0	0,0	0	0	0,0	0	0	0	0,0	0,0	0	0	0	0	0	0	0
19.09.2025	04:00:00	0,0	0,0	0,0	0	0,0	0	0	0,0	0	0	0	0,0	0,0	0	0	0	0	0	0	0
19.09.2025	04:30:00	0,0	0,0	0,0	0	0,0	0	0	0,0	0	0	0	0,0	0,0	0	0	0	0	0	0	0
19.09.2025	05:00:00	0,0	0,0	0,0	0	0,0	0	0	0,0	0	0	0	0,0	0,0	0	0	0	0	0	0	0
19.09.2025	05:30:00	0,0	0,0	0,0	0	0,0	0	0	0,0	0	0	0	0,0	0,0	0	0	0	0	0	0	0
19.09.2025	06:00:00	0,0	0,0	0,0	0	0,0	0	0	0,0	0	0	0	0,0	0,0	0	0	0	0	0	0	0
19.09.2025	06:30:00	0,0	0,0	0,0	0	0,0	0	0	0,0	0	0	0	0,0	0,0	0	0	0	0	0	0	0
19.09.2025	07:00:00	0,0	0,0	0,0	0	0,0	0	0	0,0	0	0	0	0,0	0,0	0	0	0	0	0	0	0
19.09.2025	07:30:00	0,0	0,0	0,0	0	0,0	0	3	0,0	0	0	0	0,0	0,0	0	0	0	0	0	0	0
19.09.2025	08:00:00	0,0	0,0	0,0	0	0,0	0	26	0,0	0	0	0	0,0	0,0	0	0	0	0	0	0	0
19.09.2025	08:30:00	0,0	0,0	0,0	0	0,0	0	68	0,0	0	0	0	0,0	0,0	0	0	0	0	0	0	0
19.09.2025	09:00:00	0,0	0,0	0,0	0	0,0	0	96	0,0	0	0	0	0,0	0,0	0	0	0	0	0	0	0
19.09.2025	09:30:00	0,0	0,0	0,0	0	0,0	0	73	0,0	0	0	0	0,0	0,0	0	0	0	0	0	0	0
19.09.2025	10:00:00	0,0	0,0	0,0	0	0,0	0	123	0,0	0	0	0	0,0	0,0	0	0	0	0	0	0	0
19.09.2025	10:30:00	0,0	0,0	0,0	0	0,0	0	162	0,0	0	0	0	0,0	0,0	0	0	0	0	0	0	0
19.09.2025	11:00:00	0,0	0,0	0,0	0	0,0	0	159	0,0	0	0	0	0,0	0,0	0	0	0	0	0	0	0
19.09.2025	11:30:00	0,0	0,0	0,0	0	0,0	0	229	0,0	0	0	0	0,0	0,0	0	0	0	0	0	0	0
19.09.2025	12:00:00	0,0	0,0	0,0	0	0,0	0	408	0,0	0	0	0	0,0	0,0	0	0	0	0	0	0	0
19.09.2025	12:30:00	0,0	0,0	0,0	0	0,0	0	312	0,0	0	0	0	0,0	0,0	0	0	0	0	0	0	0
19.09.2025	13:00:00	0,0	0,0	0,0	0	0,0	0	358	0,0	0	0	0	0,0	0,0	0	0	0	0	0	0	0
19.09.2025	13:30:00	0,0	0,0	0,0	0	0,0	0	690	0,0	0	0	0	0,0	0,0	0	0	0	0	0	0	0
19.09.2025	14:00:00	0,0	0,0	0,0	0	0,0	0	594	0,0	0	0	0	0,0	0,0	0	0	0	0	0	0	0
19.09.2025	14:30:00	0,0	0,0	0,0	0	0,0	0	565	0,0	0	0	0	0,0	0,0	0	0	0	0	0	0	0
19.09.2025	15:00:00	0,0	0,0	0,0	0	0,0	0	70	0,0	0	0	0	0,0	0,0	0	0	0	0	0	0	0
19.09.2025	15:30:00	0,0	0,0	0,0	0	0,0	0	40	0,0	0	0	0	0,0	0,0	0	0	0	0	0	0	0
19.09.2025	16:00:00	0,0	0,0	0,0	0	0,0	0	457	0,0	0	0	0	0,0	0,0	0	0	0	0	0	0	0
19.09.2025	16:30:00	0,0	0,0	0,0	0	0,0	0	453	0,0	0	0	0	0,0	0,0	0	0	0	0	0	0	0
19.09.2025	17:00:00	0,0	0,0	0,0	0	0,0	0	331	0,0	0	0	0	0,0	0,0	0	0	0	0	0	0	0
19.09.2025	17:30:00	0,0	0,0	0,0	0	0,0	0	255	0,0	0	0	0	0,0	0,0	0	0	0	0	0	0	0
19.09.2025	18:00:00	0,0	0,0	0,0	0	0,0	0	184	0,0	0	0	0	0,0	0,0	0	0	0	0	0	0	0
19.09.2025	18:30:00	0,0	0,0	0,0	0	0,0	0	72	0,0	0	0	0	0,0	0,0	0	0	0	0	0	0	0
19.09.2025	19:00:00	0,0	0,0	0,0	0	0,0	0	60	0,0	0	0	0	0,0	0,0	0	0	0	0	0	0	0
19.09.2025	19:30:00	0,0	0,0	0,0	0	0,0	0	12	0,0	0	0	0	0,0	0,0	0	0	0	0	0	0	0
19.09.2025	20:00:00	0,0	0,0	0,0	0	0,0	0	0	0,0	0	0	0	0,0	0,0	0	0	0	0	0	0	0
19.09.2025	20:30:00	0,0	0,0	0,0	0	0,0	0	0	0,0	0	0	0	0,0	0,0	0	0	0	0	0	0	0
19.09.2025	21:00:00	0,0	0,0	0,0	0	0,0	0	0	0,0	0	0	0	0,0	0,0	0	0	0	0	0	0	0
19.09.2025	21:30:00	0,0	0,0	0,0	0	0,0	0	0	0,0	0	0	0	0,0	0,0	0	0	0	0	0	0	0
19.09.2025	22:00:00	0,0	0,0	0,0	0	0,0	0	0	0,0	0	0	0	0,0	0,0	0	0	0	0	0	0	0
19.09.2025	22:30:00	0,0	0,0	0,0	0	0,0	0	0	0,0	0	0	0	0,0	0,0	0	0	0	0	0	0	0
19.09.2025	23:00:00	0,0	0,0	0,0	0	0,0	0	0	0,0	0	0	0	0,0	0,0	0	0	0	0	0	0	0
19.09.2025	23:30:00	0,0	0,0	0,0	0	0,0	0	0	0,0	0	0	0	0,0	0,0	0	0	0	0	0	0	0
20.09.2025	00:00:00	0,0	0,0	0,0	0	0,0	0	0	0,0	0	0	0	0,0	0,0	0	0	0	0	0	0	0
20.09.2025	00:30:00	0,0	0,0	0,0	0	0,0	0	0	0,0	0	0	0	0,0	0,0	0	0	0	0	0	0	0
20.09.2025	01:00:00	0,0	0,0	0,0	0	0,0	0	0	0,0	0	0	0	0,0	0,0	0	0	0	0	0	0	0
20.09.2025	01:30:00	0,0	0,0	0,0	0	0,0	0	0	0,0	0	0	0	0,0	0,0	0	0	0	0	0	0	0
20.09.2025	02:00:00	0,0	0,0	0,0	0	0,0	0	0	0,0	0	0	0	0,0	0,0	0	0	0	0	0	0	0
20.09.2025	02:30:00	0,0	0,0	0,0	0	0,0	0	0	0,0	0	0	0	0,0	0,0	0	0	0	0	0	0	0
20.09.2025	03:00:00	0,0	0,0	0,0	0	0,0	0	0	0,0	0	0	0	0,0	0,0	0	0	0	0	0	0	0
20.09.2025	03:30:00	0,0	0,0	0,0	0	0,0	0	0	0,0	0	0	0	0,0	0,0	0	0	0	0	0	0	0
20.09.2025	04:00:00	0,0	0,0	0,0	0	0,0	0	0	0,0	0	0	0	0,0	0,0	0	0	0	0	0	0	0
20.09.2025	04:30:00	0,0	0,0	0,0	0	0,0	0	0	0,0	0	0	0	0,0	0,0	0	0	0	0	0	0	0
20.09.2025	05:00:00	0,0	0,0	0,0	0	0,0	0	0	0,0	0	0	0	0,0	0,0	0	0	0	0	0	0	0
20.09.2025	05:30:00	0,0	0,0	0,0	0	0,0	0	0	0,0	0	0	0	0,0	0,0	0	0	0	0	0	0	0
20.09.2025	06:00:00	0,0	0,0	0,0	0	0,0	0	0	0,0	0	0	0	0,0	0,0	0	0	0	0	0	0	0
20.09.2025	06:30:00	0,0	0,0	0,0	0	0,0	0	0	0,0	0	0	0	0,0	0,0	0	0	0	0	0	0	0
20.09.2025	07:00:00	0,0	0,0	0,0	0	0,0	0	0	0,0	0	0	0	0,0	0,0	0	0	0	0	0	0	0
20.09.2025	07:30:00	0,0	0,0	0,0	0	0,0	0	5	0,0	0	0	0	0,0	0,0	0	0	0	0	0	0	0
20.09.2025	08:00:00	0,0	0,0	0,0	0	0,0	0	26	0,0	0	0	0	0,0	0,0	0	0	0	0	0	0	0
20.09.2025	08:30:00	0,0	0,0	0,0	0	0,0	0	50	0,0	0	0	0	0,0	0,0	0	0	0	0	0	0	0
20.09.2025	09:00:00	0,0	0,0	0,0	0	0,0	0	169	0,0	0	0	0	0,0	0,0	0	0	0	0	0	0	0
20.09.2025	09:30:00	0,0	0,0	0,0	0	0,0	0	152	0,0	0	0	0	0,0	0,0	0	0	0	0	0	0	0
20.09.2025	10:00:00	0,0	0,0	0,0	0	0,0	0	188	0,0	0	0	0	0,0	0,0	0	0	0	0	0	0	0
20.09.2025	10:30:00	0,0	0,0	0,0	0	0,0	0	389	0,0	0	0	0	0,0	0,0	0	0	0	0	0	0	0
20.09.2025	11:00:00	0,0	0,0	0,0	0	0,0	0	447	0,0	0	0	0	0,0	0,0	0	0	0	0	0	0	0
20.09.2025	11:30:00	0,0	0,0	0,0	0	0,0	0	179	0,0	0	0	0	0,0	0,0	0	0	0	0	0	0	0
20.09.2025	12:00:00	0,0	0,0	0,0	0	0,0	0	228	0,0	0	0	0	0,0	0,0	0	0	0	0	0	0	0
20.09.2025	12:30:00	0,0	0,0	0,0	0	0,0	0	183	0,0	0	0	0	0,0	0,0	0	0	0	0	0	0	0
20.09.2025	13:00:00	0,0	0,0	0,0	0	0,0	0	195	0,0	0	0	0	0,0	0,0	0	0	0	0	0	0	0
20.09.2025	13:30:00	0,0	0,0	0,0	0	0,0	0	660	0,0	0	0	0	0,0	0,0	0	0	0	0	0	0	0
20.09.2025	14:00:00	0,0	0,0	0,0	0	0,0	0	633	0,0	0	0	0	0,0	0,0	0	0	0	0	0	0	0
20.09.2025	14:30:00	0,0	0,0	0,0	0	0,0	0	217	0,0	0	0	0	0,0	0,0	0	0	0	0	0	0	0
20.09.2025	15:00:00	0,0	0,0	0,0	0	0,0	0	116	0,0	0	0	0	0,0	0,0	0	0	0	0	0	0	0
20.09.2025	15:30:00	0,0	0,0	0,0	0	0,0	0	150	0,0	0	0	0	0,0	0,0	0	0	0	0	0	0	0
20.09.2025	16:00:00	0,0	0,0	0,0	0	0,0	0	197	0,0	0	0	0	0,0	0,0	0	0	0	0	0	0	0
20.09.2025	16:30:00	0,0	0,0	0,0	0	0,0	0	150	0,0	0	0	0	0,0	0,0	0	0	0	0	0	0	0
20.09.2025	17:00:00	0,0	0,0	0,0	0	0,0	0	224	0,0	0	0	0	0,0	0,0	0	0	0	0	0	0	0
20.09.2025	17:30:00	0,0	0,0	0,0	0	0,0	0	138	0,0	0	0	0	0,0	0,0	0	0	0	0	0	0	0
20.09.2025	18:00:00	0,0	0,0	0,0	0	0,0	0	62	0,0	0	0	0	0,0	0,0	0	0	0	0	0	0	0
20.09.2025	18:30:00	0,0	0,0	0,0	0	0,0	0	17	0,0	0	0	0	0,0	0,0	0	0	0	0	0	0	0
20.09.2025	19:00:00	0,0	0,0	0,0	0	0,0	0	10	0,0	0	0	0	0,0	0,0	0	0	0	0	0	0	0
20.09.2025	19:30:00	0,0	0,0	0,0	0	0,0	0	1	0,0	0	0	0	0,0	0,0	0	0	0	0	0	0	0
20.09.2025	20:00:00	0,0	0,0	0,0	0	0,0	0	0	0,0	0	0	0	0,0	0,0	0	0	0	0	0	0	0
20.09.2025	20:30:00	0,0	0,0	0,0	0	0,0	0	0	0,0	0	0	0	0,0	0,0	0	0	0	0	0	0	0
20.09.2025	21:00:00	0,0	0,0	0,0	0	0,0	0	0	0,0	0	0	0	0,0	0,0	0	0	0	0	0	0	0
20.09.2025	21:30:00	0,0	0,0	0,0	0	0,0	0	0	0,0	0	0	0	0,0	0,0	0	0	0	0	0	0	0
20.09.2025	22:00:00	0,0	0,0	0,0	0	0,0	0	0	0,0	0	0	0	0,0	0,0	0	0	0	0	0	0	0
20.09.2025	22:30:00	0,0	0,0	0,0	0	0,0	0	0	0,0	0	0	0	0,0	0,0	0	0	0	0	0	0	0
20.09.2025	23:00:00	0,0	0,0	0,0	0	0,0	0	0	0,0	0	0	0	0,0	0,0	0	0	0	0	0	0	0
20.09.2025	23:30:00	0,0	0,0	0,0	0	0,0	0	0	0,0	0	0	0	0,0	0,0	0	0	0	0	0	0	0
21.09.2025	00:00:00	0,0	0,0	0,0	0	0,0	0	0	0,0	0	0	0	0,0	0,0	0	0	0	0	0	0	0
21.09.2025	00:30:00	0,0	0,0	0,0	0	0,0	0	0	0,0	0	0	0	0,0	0,0	0	0	0	0	0	0	0
21.09.2025	01:00:00	0,0	0,0	0,0	0	0,0	0	0	0,0	0	0	0	0,0	0,0	0	0	0	0	0	0	0
21.09.2025	01:30:00	0,0	0,0	0,0	0	0,0	0	0	0,0	0	0	0	0,0	0,0	0	0	0	0	0	0	0
21.09.2025	02:00:00	0,0	0,0	0,0	0	0,0	0	0	0,0	0	0	0	0,0	0,0	0	0	0	0	0	0	0
21.09.2025	02:30:00	0,0	0,0	0,0	0	0,0	0	0	0,0	0	0	0	0,0	0,0	0	0	0	0	0	0	0
21.09.2025	03:00:00	0,0	0,0	0,0	0	0,0	0	0	0,0	0	0	0	0,0	0,0	0	0	0	0	0	0	0
21.09.2025	03:30:00	0,0	0,0	0,0	0	0,0	0	0	0,0	0	0	0	0,0	0,0	0	0	0	0	0	0	0
21.09.2025	04:00:00	0,0	0,0	0,0	0	0,0	0	0	0,0	0	0	0	0,0	0,0	0	0	0	0	0	0	0
21.09.2025	04:30:00	0,0	0,0	0,0	0	0,0	0	0	0,0	0	0	0	0,0	0,0	0	0	0	0	0	0	0
21.09.2025	05:00:00	0,0	0,0	0,0	0	0,0	0	0	0,0	0	0	0	0,0	0,0	0	0	0	0	0	0	0
21.09.2025	05:30:00	0,0	0,0	0,0	0	0,0	0	0	0,0	0	0	0	0,0	0,0	0	0	0	0	0	0	0
21.09.2025	06:00:00	0,0	0,0	0,0	0	0,0	0	0	0,0	0	0	0	0,0	0,0	0	0	0	0	0	0	0
21.09.2025	06:30:00	0,0	0,0	0,0	0	0,0	0	0	0,0	0	0	0	0,0	0,0	0	0	0	0	0	0	0
21.09.2025	07:00:00	0,0	0,0	0,0	0	0,0	0	0	0,0	0	0	0	0,0	0,0	0	0	0	0	0	0	0
21.09.2025	07:30:00	0,0	0,0	0,0	0	0,0	0	5	0,0	0	0	0	0,0	0,0	0	0	0	0	0	0	0
21.09.2025	08:00:00	0,0	0,0	0,0	0	0,0	0	77	0,0	0	0	0	0,0	0,0	0	0	0	0	0	0	0
21.09.2025	08:30:00	0,0	0,0	0,0	0	0,0	0	50	0,0	0	0	0	0,0	0,0	0	0	0	0	0	0	0
21.09.2025	09:00:00	0,0	0,0	0,0	0	0,0	0	70	0,0	0	0	0	0,0	0,0	0	0	0	0	0	0	0
21.09.2025	09:30:00	0,0	0,0	0,0	0	0,0	0	84	0,0	0	0	0	0,0	0,0	0	0	0	0	0	0	0
21.09.2025	10:00:00	0,0	0,0	0,0	0	0,0	0	112	0,0	0	0	0	0,0	0,0	0	0	0	0	0	0	0
21.09.2025	10:30:00	0,0	0,0	0,0	0	0,0	0	152	0,0	0	0	0	0,0	0,0	0	0	0	0	0	0	0
21.09.2025	11:00:00	0,0	0,0	0,0	0	0,0	0	192	0,0	0	0	0	0,0	0,0	0	0	0	0	0	0	0
21.09.2025	11:30:00	0,0	0,0	0,0	0	0,0	0	267	0,0	0	0	0	0,0	0,0	0	0	0	0	0	0	0
21.09.2025	12:00:00	0,0	0,0	0,0	0	0,0	0	595	0,0	0	0	0	0,0	0,0	0	0	0	0	0	0	0
21.09.2025	12:30:00	0,0	0,0	0,0	0	0,0	0	252	0,0	0	0	0	0,0	0,0	0	0	0	0	0	0	0
21.09.2025	13:00:00	0,0	0,0	0,0	0	0,0	0	300	0,0	0	0	0	0,0	0,0	0	0	0	0	0	0	0
21.09.2025	13:30:00	0,0	0,0	0,0	0	0,0	0	130	0,0	0	0	0	0,0	0,0	0	0	0	0	0	0	0
21.09.2025	14:00:00	0,0	0,0	0,0	0	0,0	0	180	0,0	0	0	0	0,0	0,0	0	0	0	0	0	0	0
21.09.2025	14:30:00	0,0	0,0	0,0	0	0,0	0	237	0,0	0	0	0	0,0	0,0	0	0	0	0	0	0	0
21.09.2025	15:00:00	0,0	0,0	0,0	0	0,0	0	246	0,0	0	0	0	0,0	0,0	0	0	0	0	0	0	0
21.09.2025	15:30:00	0,0	0,0	0,0	0	0,0	0	200	0,0	0	0	0	0,0	0,0	0	0	0	0	0	0	0
21.09.2025	16:00:00	0,0	0,0	0,0	0	0,0	0	185	0,0	0	0	0	0,0	0,0	0	0	0	0	0	0	0
21.09.2025	16:30:00	0,0	0,0	0,0	0	0,0	0	116	0,0	0	0	0	0,0	0,0	0	0	0	0	0	0	0
21.09.2025	17:00:00	0,0	0,0	0,0	0	0,0	0	131	0,0	0	0	0	0,0	0,0	0	0	0	0	0	0	0
21.09.2025	17:30:00	0,0	0,0	0,0	0	0,0	0	63	0,0	0	0	0	0,0	0,0	0	0	0	0	0	0	0
21.09.2025	18:00:00	0,0	0,0	0,0	0	0,0	0	172	0,0	0	0	0	0,0	0,0	0	0	0	0	0	0	0
21.09.2025	18:30:00	0,0	0,0	0,0	0	0,0	0	85	0,0	0	0	0	0,0	0,0	0	0	0	0	0	0	0
21.09.2025	19:00:00	0,0	0,0	0,0	0	0,0	0	58	0,0	0	0	0	0,0	0,0	0	0	0	0	0	0	0
21.09.2025	19:30:00	0,0	0,0	0,0	0	0,0	0	9	0,0	0	0	0	0,0	0,0	0	0	0	0	0	0	0
21.09.2025	20:00:00	0,0	0,0	0,0	0	0,0	0	0	0,0	0	0	0	0,0	0,0	0	0	0	0	0	0	0
21.09.2025	20:30:00	0,0	0,0	0,0	0	0,0	0	0	0,0	0	0	0	0,0	0,0	0	0	0	0	0	0	0
21.09.2025	21:00:00	0,0	0,0	0,0	0	0,0	0	0	0,0	0	0	0	0,0	0,0	0	0	0	0	0	0	0
21.09.2025	21:30:00	0,0	0,0	0,0	0	0,0	0	0	0,0	0	0	0	0,0	0,0	0	0	0	0	0	0	0
21.09.2025	22:00:00	0,0	0,0	0,0	0	0,0	0	0	0,0	0	0	0	0,0	0,0	0	0	0	0	0	0	0
21.09.2025	22:30:00	0,0	0,0	0,0	0	0,0	0	0	0,0	0	0	0	0,0	0,0	0	0	0	0	0	0	0
21.09.2025	23:00:00	0,0	0,0	0,0	0	0,0	0	0	0,0	0	0	0	0,0	0,0	0	0	0	0	0	0	0
21.09.2025	23:30:00	0,0	0,0	0,0	0	0,0	0	0	0,0	0	0	0	0,0	0,0	0	0	0	0	0	0	0
22.09.2025	00:00:00	0,0	0,0	0,0	0	0,0	0	0	0,0	0	0	0	0,0	0,0	0	0	0	0	0	0	0
22.09.2025	00:30:00	0,0	0,0	0,0	0	0,0	0	0	0,0	0	0	0	0,0	0,0	0	0	0	0	0	0	0
22.09.2025	01:00:00	0,0	0,0	0,0	0	0,0	0	0	0,0	0	0	0	0,0	0,0	0	0	0	0	0	0	0
22.09.2025	01:30:00	0,0	0,0	0,0	0	0,0	0	0	0,0	0	0	0	0,0	0,0	0	0	0	0	0	0	0
22.09.2025	02:00:00	0,0	0,0	0,0	0	0,0	0	0	0,0	0	0	0	0,0	0,0	0	0	0	0	0	0	0
22.09.2025	02:30:00	0,0	0,0	0,0	0	0,0	0	0	0,0	0	0	0	0,0	0,0	0	0	0	0	0	0	0
22.09.2025	03:00:00	0,0	0,0	0,0	0	0,0	0	0	0,0	0	0	0	0,0	0,0	0	0	0	0	0	0	0
22.09.2025	03:30:00	0,0	0,0	0,0	0	0,0	0	0	0,0	0	0	0	0,0	0,0	0	0	0	0	0	0	0
22.09.2025	04:00:00	0,0	0,0	0,0	0	0,0	0	0	0,0	0	0	0	0,0	0,0	0	0	0	0	0	0	0
22.09.2025	04:30:00	0,0	0,0	0,0	0	0,0	0	0	0,0	0	0	0	0,0	0,0	0	0	0	0	0	0	0
22.09.2025	05:00:00	0,0	0,0	0,0	0	0,0	0	0	0,0	0	0	0	0,0	0,0	0	0	0	0	0	0	0
22.09.2025	05:30:00	0,0	0,0	0,0	0	0,0	0	0	0,0	0	0	0	0,0	0,0	0	0	0	0	0	0	0
22.09.2025	06:00:00	0,0	0,0	0,0	0	0,0	0	0	0,0	0	0	0	0,0	0,0	0	0	0	0	0	0	0
22.09.2025	06:30:00	0,0	0,0	0,0	0	0,0	0	0	0,0	0	0	0	0,0	0,0	0	0	0	0	0	0	0
22.09.2025	07:00:00	0,0	0,0	0,0	0	0,0	0	0	0,0	0	0	0	0,0	0,0	0	0	0	0	0	0	0
22.09.2025	07:30:00	0,0	0,0	0,0	0	0,0	0	18	0,0	0	0	0	0,0	0,0	0	0	0	0	0	0	0
22.09.2025	08:00:00	0,0	0,0	0,0	0	0,0	0	51	0,0	0	0	0	0,0	0,0	0	0	0	0	0	0	0
22.09.2025	08:30:00	0,0	0,0	0,0	0	0,0	0	79	0,0	0	0	0	0,0	0,0	0	0	0	0	0	0	0
22.09.2025	09:00:00	0,0	0,0	0,0	0	0,0	0	79	0,0	0	0	0	0,0	0,0	0	0	0	0	0	0	0
22.09.2025	09:30:00	0,0	0,0	0,0	0	0,0	0	146	0,0	0	0	0	0,0	0,0	0	0	0	0	0	0	0
22.09.2025	10:00:00	0,0	0,0	0,0	0	0,0	0	295	0,0	0	0	0	0,0	0,0	0	0	0	0	0	0	0
22.09.2025	10:30:00	0,0	0,0	0,0	0	0,0	0	368	0,0	0	0	0	0,0	0,0	0	0	0	0	0	0	0
22.09.2025	11:00:00	0,0	0,0	0,0	0	0,0	0	471	0,0	0	0	0	0,0	0,0	0	0	0	0	0	0	0
22.09.2025	11:30:00	0,0	0,0	0,0	0	0,0	0	184	0,0	0	0	0	0,0	0,0	0	0	0	0	0	0	0
22.09.2025	12:00:00	0,0	0,0	0,0	0	0,0	0	196	0,0	0	0	0	0,0	0,0	0	0	0	0	0	0	0
22.09.2025	12:30:00	0,0	0,0	0,0	0	0,0	0	286	0,0	0	0	0	0,0	0,0	0	0	0	0	0	0	0
22.09.2025	13:00:00	0,0	0,0	0,0	0	0,0	0	696	0,0	0	0	0	0,0	0,0	0	0	0	0	0	0	0
22.09.2025	13:30:00	0,0	0,0	0,0	0	0,0	0	609	0,0	0	0	0	0,0	0,0	0	0	0	0	0	0	0
22.09.2025	14:00:00	0,0	0,0	0,0	0	0,0	0	241	0,0	0	0	0	0,0	0,0	0	0	0	0	0	0	0
22.09.2025	14:30:00	0,0	0,0	0,0	0	0,0	0	534	0,0	0	0	0	0,0	0,0	0	0	0	0	0	0	0
22.09.2025	15:00:00	0,0	0,0	0,0	0	0,0	0	250	0,0	0	0	0	0,0	0,0	0	0	0	0	0	0	0
22.09.2025	15:30:00	0,0	0,0	0,0	0	0,0	0	168	0,0	0	0	0	0,0	0,0	0	0	0	0	0	0	0
22.09.2025	16:00:00	0,0	0,0	0,0	0	0,0	0	378	0,0	0	0	0	0,0	0,0	0	0	0	0	0	0	0
22.09.2025	16:30:00	0,0	0,0	0,0	0	0,0	0	465	0,0	0	0	0	0,0	0,0	0	0	0	0	0	0	0
22.09.2025	17:00:00	0,0	0,0	0,0	0	0,0	0	397	0,0	0	0	0	0,0	0,0	0	0	0	0	0	0	0
22.09.2025	17:30:00	0,0	0,0	0,0	0	0,0	0	227	0,0	0	0	0	0,0	0,0	0	0	0	0	0	0	0
22.09.2025	18:00:00	0,0	0,0	0,0	0	0,0	0	183	0,0	0	0	0	0,0	0,0	0	0	0	0	0	0	0
22.09.2025	18:30:00	0,0	0,0	0,0	0	0,0	0	88	0,0	0	0	0	0,0	0,0	0	0	0	0	0	0	0
22.09.2025	19:00:00	0,0	0,0	0,0	0	0,0	0	46	0,0	0	0	0	0,0	0,0	0	0	0	0	0	0	0
22.09.2025	19:30:00	0,0	0,0	0,0	0	0,0	0	2	0,0	0	0	0	0,0	0,0	0	0	0	0	0	0	0
22.09.2025	20:00:00	0,0	0,0	0,0	0	0,0	0	0	0,0	0	0	0	0,0	0,0	0	0	0	0	0	0	0
22.09.2025	20:30:00	0,0	0,0	0,0	0	0,0	0	0	0,0	0	0	0	0,0	0,0	0	0	0	0	0	0	0
22.09.2025	21:00:00	0,0	0,0	0,0	0	0,0	0	0	0,0	0	0	0	0,0	0,0	0	0	0	0	0	0	0
22.09.2025	21:30:00	0,0	0,0	0,0	0	0,0	0	0	0,0	0	0	0	0,0	0,0	0	0	0	0	0	0	0
22.09.2025	22:00:00	0,0	0,0	0,0	0	0,0	0	0	0,0	0	0	0	0,0	0,0	0	0	0	0	0	0	0
22.09.2025	22:30:00	0,0	0,0	0,0	0	0,0	0	0	0,0	0	0	0	0,0	0,0	0	0	0	0	0	0	0
22.09.2025	23:00:00	0,0	0,0	0,0	0	0,0	0	0	0,0	0	0	0	0,0	0,0	0	0	0	0	0	0	0
22.09.2025	23:30:00	0,0	0,0	0,0	0	0,0	0	0	0,0	0	0	0	0,0	0,0	0	0	0	0	0	0	0
23.09.2025	00:00:00	0,0	0,0	0,0	0	0,0	0	0	0,0	0	0	0	0,0	0,0	0	0	0	0	0	0	0
23.09.2025	00:30:00	0,0	0,0	0,0	0	0,0	0	0	0,0	0	0	0	0,0	0,0	0	0	0	0	0	0	0
23.09.2025	01:00:00	0,0	0,0	0,0	0	0,0	0	0	0,0	0	0	0	0,0	0,0	0	0	0	0	0	0	0
23.09.2025	01:30:00	0,0	0,0	0,0	0	0,0	0	0	0,0	0	0	0	0,0	0,0	0	0	0	0	0	0	0
23.09.2025	02:00:00	0,0	0,0	0,0	0	0,0	0	0	0,0	0	0	0	0,0	0,0	0	0	0	0	0	0	0
23.09.2025	02:30:00	0,0	0,0	0,0	0	0,0	0	0	0,0	0	0	0	0,0	0,0	0	0	0	0	0	0	0
23.09.2025	03:00:00	0,0	0,0	0,0	0	0,0	0	0	0,0	0	0	0	0,0	0,0	0	0	0	0	0	0	0
23.09.2025	03:30:00	0,0	0,0	0,0	0	0,0	0	0	0,0	0	0	0	0,0	0,0	0	0	0	0	0	0	0
23.09.2025	04:00:00	0,0	0,0	0,0	0	0,0	0	0	0,0	0	0	0	0,0	0,0	0	0	0	0	0	0	0
23.09.2025	04:30:00	0,0	0,0	0,0	0	0,0	0	0	0,0	0	0	0	0,0	0,0	0	0	0	0	0	0	0
23.09.2025	05:00:00	0,0	0,0	0,0	0	0,0	0	0	0,0	0	0	0	0,0	0,0	0	0	0	0	0	0	0
23.09.2025	05:30:00	0,0	0,0	0,0	0	0,0	0	0	0,0	0	0	0	0,0	0,0	0	0	0	0	0	0	0
23.09.2025	06:00:00	0,0	0,0	0,0	0	0,0	0	0	0,0	0	0	0	0,0	0,0	0	0	0	0	0	0	0
23.09.2025	06:30:00	0,0	0,0	0,0	0	0,0	0	0	0,0	0	0	0	0,0	0,0	0	0	0	0	0	0	0
23.09.2025	07:00:00	0,0	0,0	0,0	0	0,0	0	0	0,0	0	0	0	0,0	0,0	0	0	0	0	0	0	0
23.09.2025	07:30:00	0,0	0,0	0,0	0	0,0	0	7	0,0	0	0	0	0,0	0,0	0	0	0	0	0	0	0
23.09.2025	08:00:00	0,0	0,0	0,0	0	0,0	0	47	0,0	0	0	0	0,0	0,0	0	0	0	0	0	0	0
23.09.2025	08:30:00	0,0	0,0	0,0	0	0,0	0	102	0,0	0	0	0	0,0	0,0	0	0	0	0	0	0	0
23.09.2025	09:00:00	0,0	0,0	0,0	0	0,0	0	169	0,0	0	0	0	0,0	0,0	0	0	0	0	0	0	0
23.09.2025	09:30:00	0,0	0,0	0,0	0	0,0	0	250	0,0	0	0	0	0,0	0,0	0	0	0	0	0	0	0
23.09.2025	10:00:00	0,0	0,0	0,0	0	0,0	0	304	0,0	0	0	0	0,0	0,0	0	0	0	0	0	0	0
23.09.2025	10:30:00	0,0	0,0	0,0	0	0,0	0	347	0,0	0	0	0	0,0	0,0	0	0	0	0	0	0	0
23.09.2025	11:00:00	0,0	0,0	0,0	0	0,0	0	150	0,0	0	0	0	0,0	0,0	0	0	0	0	0	0	0
23.09.2025	11:30:00	0,0	0,0	0,0	0	0,0	0	522	0,0	0	0	0	0,0	0,0	0	0	0	0	0	0	0
23.09.2025	12:00:00	0,0	0,0	0,0	0	0,0	0	204	0,0	0	0	0	0,0	0,0	0	0	0	0	0	0	0
23.09.2025	12:30:00	0,0	0,0	0,0	0	0,0	0	755	0,0	0	0	0	0,0	0,0	0	0	0	0	0	0	0
23.09.2025	13:00:00	0,0	0,0	0,0	0	0,0	0	255	0,0	0	0	0	0,0	0,0	0	0	0	0	0	0	0
23.09.2025	13:30:00	0,0	0,0	0,0	0	0,0	0	188	0,0	0	0	0	0,0	0,0	0	0	0	0	0	0	0
23.09.2025	14:00:00	0,0	0,0	0,0	0	0,0	0	351	0,0	0	0	0	0,0	0,0	0	0	0	0	0	0	0
23.09.2025	14:30:00	0,0	0,0	0,0	0	0,0	0	261	0,0	0	0	0	0,0	0,0	0	0	0	0	0	0	0
23.09.2025	15:00:00	0,0	0,0	0,0	0	0,0	0	181	0,0	0	0	0	0,0	0,0	0	0	0	0	0	0	0
23.09.2025	15:30:00	0,0	0,0	0,0	0	0,0	0	87	0,0	0	0	0	0,0	0,0	0	0	0	0	0	0	0
23.09.2025	16:00:00	0,0	0,0	0,0	0	0,0	0	432	0,0	0	0	0	0,0	0,0	0	0	0	0	0	0	0
23.09.2025	16:30:00	0,0	0,0	0,0	0	0,0	0	368	0,0	0	0	0	0,0	0,0	0	0	0	0	0	0	0
23.09.2025	17:00:00	0,0	0,0	0,0	0	0,0	0	300	0,0	0	0	0	0,0	0,0	0	0	0	0	0	0	0
23.09.2025	17:30:00	0,0	0,0	0,0	0	0,0	0	232	0,0	0	0	0	0,0	0,0	0	0	0	0	0	0	0
23.09.2025	18:00:00	0,0	0,0	0,0	0	0,0	0	158	0,0	0	0	0	0,0	0,0	0	0	0	0	0	0	0
23.09.2025	18:30:00	0,0	0,0	0,0	0	0,0	0	97	0,0	0	0	0	0,0	0,0	0	0	0	0	0	0	0
23.09.2025	19:00:00	0,0	0,0	0,0	0	0,0	0	36	0,0	0	0	0	0,0	0,0	0	0	0	0	0	0	0
23.09.2025	19:30:00	0,0	0,0	0,0	0	0,0	0	2	0,0	0	0	0	0,0	0,0	0	0	0	0	0	0	0
23.09.2025	20:00:00	0,0	0,0	0,0	0	0,0	0	0	0,0	0	0	0	0,0	0,0	0	0	0	0	0	0	0
23.09.2025	20:30:00	0,0	0,0	0,0	0	0,0	0	0	0,0	0	0	0	0,0	0,0	0	0	0	0	0	0	0
23.09.2025	21:00:00	0,0	0,0	0,0	0	0,0	0	0	0,0	0	0	0	0,0	0,0	0	0	0	0	0	0	0
23.09.2025	21:30:00	0,0	0,0	0,0	0	0,0	0	0	0,0	0	0	0	0,0	0,0	0	0	0	0	0	0	0
23.09.2025	22:00:00	0,0	0,0	0,0	0	0,0	0	0	0,0	0	0	0	0,0	0,0	0	0	0	0	0	0	0
23.09.2025	22:30:00	0,0	0,0	0,0	0	0,0	0	0	0,0	0	0	0	0,0	0,0	0	0	0	0	0	0	0
23.09.2025	23:00:00	0,0	0,0	0,0	0	0,0	0	0	0,0	0	0	0	0,0	0,0	0	0	0	0	0	0	0
23.09.2025	23:30:00	0,0	0,0	0,0	0	0,0	0	0	0,0	0	0	0	0,0	0,0	0	0	0	0	0	0	0
24.09.2025	00:00:00	0,0	0,0	0,0	0	0,0	0	0	0,0	0	0	0	0,0	0,0	0	0	0	0	0	0	0
24.09.2025	00:30:00	0,0	0,0	0,0	0	0,0	0	0	0,0	0	0	0	0,0	0,0	0	0	0	0	0	0	0
24.09.2025	01:00:00	0,0	0,0	0,0	0	0,0	0	0	0,0	0	0	0	0,0	0,0	0	0	0	0	0	0	0
24.09.2025	01:30:00	0,0	0,0	0,0	0	0,0	0	0	0,0	0	0	0	0,0	0,0	0	0	0	0	0	0	0
24.09.2025	02:00:00	0,0	0,0	0,0	0	0,0	0	0	0,0	0	0	0	0,0	0,0	0	0	0	0	0	0	0
24.09.2025	02:30:00	0,0	0,0	0,0	0	0,0	0	0	0,0	0	0	0	0,0	0,0	0	0	0	0	0	0	0
24.09.2025	03:00:00	0,0	0,0	0,0	0	0,0	0	0	0,0	0	0	0	0,0	0,0	0	0	0	0	0	0	0
24.09.2025	03:30:00	0,0	0,0	0,0	0	0,0	0	0	0,0	0	0	0	0,0	0,0	0	0	0	0	0	0	0
24.09.2025	04:00:00	0,0	0,0	0,0	0	0,0	0	0	0,0	0	0	0	0,0	0,0	0	0	0	0	0	0	0
24.09.2025	04:30:00	0,0	0,0	0,0	0	0,0	0	0	0,0	0	0	0	0,0	0,0	0	0	0	0	0	0	0
24.09.2025	05:00:00	0,0	0,0	0,0	0	0,0	0	0	0,0	0	0	0	0,0	0,0	0	0	0	0	0	0	0
24.09.2025	05:30:00	0,0	0,0	0,0	0	0,0	0	0	0,0	0	0	0	0,0	0,0	0	0	0	0	0	0	0
24.09.2025	06:00:00	0,0	0,0	0,0	0	0,0	0	0	0,0	0	0	0	0,0	0,0	0	0	0	0	0	0	0
24.09.2025	06:30:00	0,0	0,0	0,0	0	0,0	0	0	0,0	0	0	0	0,0	0,0	0	0	0	0	0	0	0
24.09.2025	07:00:00	0,0	0,0	0,0	0	0,0	0	0	0,0	0	0	0	0,0	0,0	0	0	0	0	0	0	0
24.09.2025	07:30:00	0,0	0,0	0,0	0	0,0	0	9	0,0	0	0	0	0,0	0,0	0	0	0	0	0	0	0
24.09.2025	08:00:00	0,0	0,0	0,0	0	0,0	0	50	0,0	0	0	0	0,0	0,0	0	0	0	0	0	0	0
24.09.2025	08:30:00	0,0	0,0	0,0	0	0,0	0	103	0,0	0	0	0	0,0	0,0	0	0	0	0	0	0	0
24.09.2025	09:00:00	0,0	0,0	0,0	0	0,0	0	171	0,0	0	0	0	0,0	0,0	0	0	0	0	0	0	0
24.09.2025	09:30:00	0,0	0,0	0,0	0	0,0	0	246	0,0	0	0	0	0,0	0,0	0	0	0	0	0	0	0
24.09.2025	10:00:00	0,0	0,0	0,0	0	0,0	0	313	0,0	0	0	0	0,0	0,0	0	0	0	0	0	0	0
24.09.2025	10:30:00	0,0	0,0	0,0	0	0,0	0	374	0,0	0	0	0	0,0	0,0	0	0	0	0	0	0	0
24.09.2025	11:00:00	0,0	0,0	0,0	0	0,0	0	435	0,0	0	0	0	0,0	0,0	0	0	0	0	0	0	0
24.09.2025	11:30:00	0,0	0,0	0,0	0	0,0	0	578	0,0	0	0	0	0,0	0,0	0	0	0	0	0	0	0
24.09.2025	12:00:00	0,0	0,0	0,0	0	0,0	0	530	0,0	0	0	0	0,0	0,0	0	0	0	0	0	0	0
24.09.2025	12:30:00	0,0	0,0	0,0	0	0,0	0	74	0,0	0	0	0	0,0	0,0	0	0	0	0	0	0	0
24.09.2025	13:00:00	0,0	0,0	0,0	0	0,0	0	577	0,0	0	0	0	0,0	0,0	0	0	0	0	0	0	0
24.09.2025	13:30:00	0,0	0,0	0,0	0	0,0	0	591	0,0	0	0	0	0,0	0,0	0	0	0	0	0	0	0
24.09.2025	14:00:00	0,0	0,0	0,0	0	0,0	0	571	0,0	0	0	0	0,0	0,0	0	0	0	0	0	0	0
24.09.2025	14:30:00	0,0	0,0	0,0	0	0,0	0	558	0,0	0	0	0	0,0	0,0	0	0	0	0	0	0	0
24.09.2025	15:00:00	0,0	0,0	0,0	0	0,0	0	67	0,0	0	0	0	0,0	0,0	0	0	0	0	0	0	0
24.09.2025	15:30:00	0,0	0,0	0,0	0	0,0	0	29	0,0	0	0	0	0,0	0,0	0	0	0	0	0	0	0
24.09.2025	16:00:00	0,0	0,0	0,0	0	0,0	0	406	0,0	0	0	0	0,0	0,0	0	0	0	0	0	0	0
24.09.2025	16:30:00	0,0	0,0	0,0	0	0,0	0	352	0,0	0	0	0	0,0	0,0	0	0	0	0	0	0	0
24.09.2025	17:00:00	0,0	0,0	0,0	0	0,0	0	284	0,0	0	0	0	0,0	0,0	0	0	0	0	0	0	0
24.09.2025	17:30:00	0,0	0,0	0,0	0	0,0	0	221	0,0	0	0	0	0,0	0,0	0	0	0	0	0	0	0
24.09.2025	18:00:00	0,0	0,0	0,0	0	0,0	0	153	0,0	0	0	0	0,0	0,0	0	0	0	0	0	0	0
24.09.2025	18:30:00	0,0	0,0	0,0	0	0,0	0	92	0,0	0	0	0	0,0	0,0	0	0	0	0	0	0	0
24.09.2025	19:00:00	0,0	0,0	0,0	0	0,0	0	38	0,0	0	0	0	0,0	0,0	0	0	0	0	0	0	0
24.09.2025	19:30:00	0,0	0,0	0,0	0	0,0	0	2	0,0	0	0	0	0,0	0,0	0	0	0	0	0	0	0
24.09.2025	20:00:00	0,0	0,0	0,0	0	0,0	0	0	0,0	0	0	0	0,0	0,0	0	0	0	0	0	0	0
24.09.2025	20:30:00	0,0	0,0	0,0	0	0,0	0	0	0,0	0	0	0	0,0	0,0	0	0	0	0	0	0	0
24.09.2025	21:00:00	0,0	0,0	0,0	0	0,0	0	0	0,0	0	0	0	0,0	0,0	0	0	0	0	0	0	0
24.09.2025	21:30:00	0,0	0,0	0,0	0	0,0	0	0	0,0	0	0	0	0,0	0,0	0	0	0	0	0	0	0
24.09.2025	22:00:00	0,0	0,0	0,0	0	0,0	0	0	0,0	0	0	0	0,0	0,0	0	0	0	0	0	0	0
24.09.2025	22:30:00	0,0	0,0	0,0	0	0,0	0	0	0,0	0	0	0	0,0	0,0	0	0	0	0	0	0	0
24.09.2025	23:00:00	0,0	0,0	0,0	0	0,0	0	0	0,0	0	0	0	0,0	0,0	0	0	0	0	0	0	0
24.09.2025	23:30:00	0,0	0,0	0,0	0	0,0	0	0	0,0	0	0	0	0,0	0,0	0	0	0	0	0	0	0
25.09.2025	00:00:00	0,0	0,0	0,0	0	0,0	0	0	0,0	0	0	0	0,0	0,0	0	0	0	0	0	0	0
25.09.2025	00:30:00	0,0	0,0	0,0	0	0,0	0	0	0,0	0	0	0	0,0	0,0	0	0	0	0	0	0	0
25.09.2025	01:00:00	0,0	0,0	0,0	0	0,0	0	0	0,0	0	0	0	0,0	0,0	0	0	0	0	0	0	0
25.09.2025	01:30:00	0,0	0,0	0,0	0	0,0	0	0	0,0	0	0	0	0,0	0,0	0	0	0	0	0	0	0
25.09.2025	02:00:00	0,0	0,0	0,0	0	0,0	0	0	0,0	0	0	0	0,0	0,0	0	0	0	0	0	0	0
25.09.2025	02:30:00	0,0	0,0	0,0	0	0,0	0	0	0,0	0	0	0	0,0	0,0	0	0	0	0	0	0	0
25.09.2025	03:00:00	0,0	0,0	0,0	0	0,0	0	0	0,0	0	0	0	0,0	0,0	0	0	0	0	0	0	0
25.09.2025	03:30:00	0,0	0,0	0,0	0	0,0	0	0	0,0	0	0	0	0,0	0,0	0	0	0	0	0	0	0
25.09.2025	04:00:00	0,0	0,0	0,0	0	0,0	0	0	0,0	0	0	0	0,0	0,0	0	0	0	0	0	0	0
25.09.2025	04:30:00	0,0	0,0	0,0	0	0,0	0	0	0,0	0	0	0	0,0	0,0	0	0	0	0	0	0	0
25.09.2025	05:00:00	0,0	0,0	0,0	0	0,0	0	0	0,0	0	0	0	0,0	0,0	0	0	0	0	0	0	0
25.09.2025	05:30:00	0,0	0,0	0,0	0	0,0	0	0	0,0	0	0	0	0,0	0,0	0	0	0	0	0	0	0
25.09.2025	06:00:00	0,0	0,0	0,0	0	0,0	0	0	0,0	0	0	0	0,0	0,0	0	0	0	0	0	0	0
25.09.2025	06:30:00	0,0	0,0	0,0	0	0,0	0	0	0,0	0	0	0	0,0	0,0	0	0	0	0	0	0	0
25.09.2025	07:00:00	0,0	0,0	0,0	0	0,0	0	0	0,0	0	0	0	0,0	0,0	0	0	0	0	0	0	0
25.09.2025	07:30:00	0,0	0,0	0,0	0	0,0	0	7	0,0	0	0	0	0,0	0,0	0	0	0	0	0	0	0
25.09.2025	08:00:00	0,0	0,0	0,0	0	0,0	0	44	0,0	0	0	0	0,0	0,0	0	0	0	0	0	0	0
25.09.2025	08:30:00	0,0	0,0	0,0	0	0,0	0	99	0,0	0	0	0	0,0	0,0	0	0	0	0	0	0	0
25.09.2025	09:00:00	0,0	0,0	0,0	0	0,0	0	173	0,0	0	0	0	0,0	0,0	0	0	0	0	0	0	0
25.09.2025	09:30:00	0,0	0,0	0,0	0	0,0	0	241	0,0	0	0	0	0,0	0,0	0	0	0	0	0	0	0
25.09.2025	10:30:00	0,0	0,0	0,0	0	0,0	0	376	0,0	0	0	0	0,0	0,0	0	0	0	0	0	0	0
25.09.2025	11:00:00	0,0	0,0	0,0	0	0,0	0	207	0,0	0	0	0	0,0	0,0	0	0	0	0	0	0	0
25.09.2025	11:30:00	0,0	0,0	0,0	0	0,0	0	347	0,0	0	0	0	0,0	0,0	0	0	0	0	0	0	0
25.09.2025	12:00:00	0,0	0,0	0,0	0	0,0	0	525	0,0	0	0	0	0,0	0,0	0	0	0	0	0	0	0
25.09.2025	12:30:00	0,0	0,0	0,0	0	0,0	0	492	0,0	0	0	0	0,0	0,0	0	0	0	0	0	0	0
